$SPEC_ID:
No sample description was entered.
$SPEC_REM:
DET# 1
DETDESC# MCB 345
AP# Maestro Version 6.04
$DATE_MEA:
02/20/2020 10:23:34
$MEAS_TIM:
100 102
$DATA:
0 1023
       0
       0
       0
       0
       0
       0
       0
       0
       2
      61
     245
     434
     469
     476
     477
     479
     495
     494
     499
     513
     546
     529
     487
     549
     554
     561
     565
     581
     551
     651
     637
     690
     635
     724
     715
     697
     661
     683
     645
     624
     615
     635
     592
     645
     599
     579
     599
     580
     598
     639
     624
     588
     655
     672
     634
     629
     615
     631
     613
     643
     636
     649
     647
     622
     636
     720
     657
     675
     677
     630
     637
     670
     643
     666
     654
     649
     650
     673
     653
     741
     750
     762
     743
     778
     803
     823
     868
     911
     897
     861
     921
     915
     966
     915
     918
     947
     911
     953
     866
     886
     897
     867
     828
     797
     840
     817
     836
     813
     793
     761
     763
     773
     773
     762
     753
     753
     704
     743
     748
     701
     743
     727
     719
     736
     691
     642
     669
     653
     622
     638
     625
     681
     588
     656
     609
     639
     610
     622
     575
     567
     593
     591
     547
     553
     559
     590
     568
     569
     558
     539
     554
     538
     531
     525
     535
     525
     524
     524
     497
     514
     534
     524
     479
     538
     519
     492
     474
     487
     501
     457
     433
     460
     457
     414
     405
     402
     383
     371
     370
     314
     333
     323
     303
     293
     302
     268
     265
     260
     255
     217
     230
     219
     202
     207
     229
     202
     191
     193
     184
     174
     178
     173
     185
     195
     183
     158
     168
     170
     155
     160
     152
     160
     156
     149
     161
     145
     143
     145
     148
     134
     129
     166
     125
     160
     136
     128
     128
     134
     159
     145
     154
     131
     135
     103
     110
     138
     126
     130
     155
     139
     152
     129
     150
     148
     158
     152
     160
     156
     180
     199
     202
     226
     274
     299
     335
     369
     452
     557
     589
     638
     788
     902
    1054
    1218
    1277
    1505
    1706
    1828
    1976
    2153
    2355
    2531
    2614
    2717
    2836
    2931
    2934
    3002
    3064
    3012
    2977
    2806
    2743
    2682
    2519
    2186
    2182
    1992
    1684
    1606
    1424
    1220
    1116
     924
     820
     655
     598
     464
     398
     342
     251
     242
     200
     159
     149
     117
     116
      99
     105
      93
      75
      97
      81
      69
      66
      70
      94
      86
      74
      84
      82
      79
      78
      75
      75
      60
      81
      81
      74
      58
      71
      81
      67
      84
      82
      91
      73
      79
      78
      74
      80
      75
      89
      73
      89
      71
      81
      67
      63
      81
      75
      69
      76
      68
      72
      72
      79
      86
      75
      77
      78
      82
      73
      77
      88
      68
      91
      76
      70
      70
      78
      76
      77
      88
      93
      85
      86
      86
      86
      82
      82
      81
      72
      68
      83
      84
      82
      80
      79
      72
      70
      76
      74
      77
      69
      71
      79
      79
      82
      93
      67
      75
      79
      72
      81
      85
      81
      63
      73
      84
      77
      71
      84
      86
      73
      83
      97
      77
      86
      83
      81
      78
      77
      89
      89
      73
      86
      89
      66
      82
      84
      70
      99
      82
      84
      77
      85
      80
      89
      85
      67
     101
      73
      84
      93
      88
      77
      79
      90
      73
      84
      80
      78
      82
      82
      76
      80
      85
      84
      81
      98
      87
      93
      97
      92
      78
      88
      85
      90
      95
      84
      88
      94
      87
      83
      85
      81
      93
      77
      88
      84
      79
      82
      87
      74
      89
      94
      88
     111
      91
      86
      89
      93
      93
      77
      98
      90
     105
      98
     105
     103
      93
      77
      84
      74
     109
      98
      95
     103
     113
     101
     107
      80
     107
     120
     100
     116
      82
      89
      96
      90
      97
     116
      98
     108
      96
      95
     114
      92
     100
     104
      86
     108
      94
      98
     105
      93
      98
     103
      94
     102
      96
     102
      84
      99
     103
     100
     109
      90
      98
     116
      75
     106
      97
      96
      96
      86
      87
      85
      93
      89
      89
      76
      84
      60
      65
      75
      65
      68
      78
      57
      67
      55
      63
      59
      62
      46
      51
      54
      68
      30
      53
      40
      41
      37
      37
      50
      34
      43
      45
      36
      36
      35
      33
      36
      25
      28
      28
      28
      30
      24
      28
      33
      23
      25
      20
      19
      28
      19
      22
      16
      14
      25
      20
      24
      21
      25
      16
      12
      18
      12
      20
      14
       9
      15
      14
      18
      14
       4
      15
       9
      14
      22
      15
      18
      15
      11
      14
      12
      22
      14
      16
      18
      18
      34
      22
      27
      24
      19
      31
      22
      26
      27
      29
      39
      47
      56
      44
      57
      64
      64
      72
      97
      64
      86
     101
     101
     129
     157
     151
     178
     167
     170
     198
     200
     219
     244
     268
     252
     259
     278
     332
     322
     338
     296
     348
     328
     319
     368
     392
     352
     381
     373
     371
     352
     366
     343
     343
     345
     338
     322
     308
     283
     287
     288
     272
     251
     237
     219
     200
     214
     199
     172
     186
     142
     132
     133
     111
     105
      96
      79
      74
      81
      61
      53
      53
      39
      43
      32
      27
      33
      25
      20
      21
      22
      15
      13
      14
      17
      14
      12
      13
       7
       9
       4
       9
       6
       5
       7
       5
      13
       5
       7
       6
       7
       4
       3
       6
       3
       7
       7
       7
       5
       3
       5
       3
       6
       3
       8
       8
       4
       2
       9
      11
       6
       7
       4
       6
       5
       7
       4
       8
       5
       3
       6
      10
       6
       5
       5
       8
       5
       6
       8
       4
      11
       7
       4
       6
       9
       6
       7
       8
       4
      10
       5
       9
       5
       5
       5
       7
       9
       6
       8
       9
       4
       3
       7
       8
       3
       9
       3
       6
       7
       1
       7
       5
       8
       6
       5
       4
       2
       5
      11
       7
       7
       3
       4
       4
       7
       2
       6
       2
       5
       1
       5
       6
       1
       2
      10
       3
       6
       6
       6
       4
       5
       3
       6
       4
       5
       6
       3
       7
       0
       5
       4
       0
       2
       4
       4
       3
       2
       1
       2
       0
       2
       3
       3
       1
       2
       0
       3
       5
       2
       3
       3
       5
       2
       0
       5
       1
       1
       0
       3
       1
       1
       5
       2
       1
       0
       3
       0
       2
       3
       3
       0
       3
       3
       3
       0
       1
       2
       0
       1
       0
       3
       0
       1
       1
       4
       2
       1
       0
       0
       0
       1
       2
       0
       1
       1
       1
       0
       2
       0
       1
       4
       0
       1
       1
       2
       2
       3
       1
       4
       2
       3
       0
       0
       0
       4
       2
       2
       0
       3
       2
       4
       2
       7
       3
       4
       6
       5
       7
       4
       7
      10
       4
      10
       6
       3
       9
       6
      13
       4
       7
      11
       9
       9
       9
       7
      14
       8
       6
      10
      11
      12
       9
      11
       6
       4
      14
       6
       8
      13
       7
       7
       4
       6
       4
       5
       2
       3
       2
       1
       0
       2
       1
       2
       1
       1
       2
       0
       0
       0
       0
       0
       0
       0
       0
       2
       0
       0
       0
       0
       0
$ROI:
5
25 62
254 297
319 374
724 792
819 910
$PRESETS:
Live Time
100
0
$ENER_FIT:
0.022610 1.540429
$MCA_CAL:
3
2.261041E-002 1.540429E+000 0.000000E+000
$SHAPE_CAL:
3
2.792237E+001 1.776585E-002 0.000000E+000
