$SPEC_ID:
No sample description was entered.
$SPEC_REM:
DET# 1
DETDESC# MCB 345
AP# Maestro Version 6.04
$DATE_MEA:
02/20/2020 10:07:58
$MEAS_TIM:
100 100
$DATA:
0 1023
       0
       0
       0
       0
       0
       0
       0
       0
       0
       6
       8
      17
      20
      23
      25
      24
      20
      22
      16
      18
      27
      39
      35
      32
      40
      24
      41
      47
      38
      37
      43
      52
      58
      50
      56
      54
      52
      71
      82
      93
      85
      89
      76
      84
      76
      81
     102
      99
      83
      84
      83
      73
      84
      77
      81
      86
      90
     100
      80
      82
      88
      84
      80
      96
      69
      92
      72
      63
      91
      84
      84
      73
      95
     102
      79
      74
      76
      69
      56
      65
      83
      64
      68
      78
      68
      76
      63
      71
      72
      53
      60
      61
      74
      65
      68
      66
      63
      57
      75
      42
      60
      57
      59
      58
      52
      70
      59
      63
      36
      63
      50
      50
      39
      40
      60
      56
      53
      55
      45
      43
      42
      46
      38
      49
      45
      54
      33
      47
      45
      44
      40
      42
      44
      57
      44
      47
      40
      28
      43
      51
      44
      43
      40
      44
      36
      32
      35
      37
      36
      42
      43
      35
      31
      41
      23
      51
      41
      54
      25
      23
      40
      32
      32
      34
      27
      25
      29
      28
      26
      17
      30
      33
      23
      24
      22
      29
      20
      19
      28
      28
      25
      27
      20
      37
      17
      24
      20
      21
      18
      26
      20
      25
      26
      19
      27
      20
      24
      19
      21
      18
      21
      22
      23
      19
      23
      18
      20
      20
      25
      10
      16
      25
      20
      15
      18
      13
      22
      10
      15
      27
      17
      21
      18
      18
      23
      18
      16
      23
      13
      21
      18
      13
      14
      12
      18
      17
      21
      18
       8
      12
      16
      11
      10
      17
      11
      10
      15
      13
       8
       8
       8
      11
      15
       9
      12
      12
       9
      11
      16
       6
       8
       9
      11
      13
      15
      10
       8
      10
       7
       6
       9
       6
       6
       7
       4
       8
       6
       7
       9
      10
      11
      14
      11
      12
       9
      12
      12
       8
       8
      11
       8
       6
      11
       6
      14
       8
      11
       7
       9
      11
       9
       4
       3
      12
       5
      12
       9
      10
      12
       8
       5
       2
       5
       8
      11
       6
       6
       5
       3
       4
       9
       7
       2
       4
       4
      12
       7
       4
       8
      13
       8
       9
      14
       4
       6
      14
       7
      12
       1
       7
       4
       8
       9
       5
       9
       9
       5
       9
       6
      11
       6
       7
       7
       2
       7
       8
       4
       6
       9
       7
       7
      11
      10
       3
       5
       7
       2
       4
       8
       4
      10
       7
       4
       8
       2
       4
       6
       6
       5
       8
       7
       5
      10
       5
       4
       7
       9
       4
       7
       4
       9
       4
      14
       6
      11
       6
      11
       6
      10
      14
       8
       4
       9
       9
       7
       6
      11
       5
      11
       4
       8
       4
       9
       5
       4
       5
       3
       6
       3
       2
       7
       2
       3
       7
       2
       4
       7
       5
       1
       5
       4
       5
       2
       4
       3
       2
       6
       5
       2
       4
       6
       3
       4
       3
       7
       6
       2
       4
       4
       4
       3
       3
       4
       3
       3
       1
       3
       5
       1
       4
       4
       1
       3
       1
       2
       3
       4
       5
       9
       4
       5
       5
       4
       3
       2
       5
       2
       4
       5
       3
       4
       2
       6
       5
       3
       2
       1
       0
       6
       2
       5
       2
       9
       4
       2
       6
       0
       3
       4
       7
       4
       2
       3
       5
       1
       2
       4
       3
       2
       5
       2
       4
       8
       2
       4
       3
       2
       5
       1
       4
       3
       6
       2
       2
       1
       5
       5
       3
       8
       2
       3
       1
       9
       5
       1
       4
       2
       2
       5
       2
       2
       1
       4
       5
       6
       2
       1
       2
       3
       3
       2
       4
       1
       3
       3
       4
       4
       4
       4
       4
       2
       5
       5
       1
       7
       2
       5
       2
       1
       2
       3
       4
       3
       3
       3
       4
       4
       4
       0
       0
       2
       1
       3
       1
       1
       7
       4
       3
       3
       4
       1
       1
       4
       3
       4
       7
       1
       3
       3
       1
       2
       1
       4
       2
       2
       2
       3
       1
       2
       5
       1
       5
       6
       4
       0
       3
       3
       1
       1
       4
       2
       0
       2
       2
       3
       2
       1
       4
       1
       0
       2
       2
       5
       4
       2
       2
       1
       1
       3
       0
       1
       1
       7
       2
       2
       1
       2
       2
       2
       4
       1
       0
       2
       2
       1
       1
       2
       1
       3
       3
       5
       0
       1
       1
       4
       1
       4
       2
       1
       3
       2
       1
       0
       2
       1
       2
       3
       1
       4
       3
       2
       3
       1
       3
       5
       0
       4
       3
       1
       1
       1
       3
       3
       0
       2
       0
       3
       1
       2
       0
       2
       3
       1
       1
       4
       1
       0
       1
       0
       2
       1
       3
       1
       2
       4
       2
       1
       3
       0
       0
       2
       2
       4
       0
       2
       3
       2
       3
       3
       1
       1
       1
       3
       3
       2
       4
       2
       2
       2
       5
       2
       3
       1
       3
       1
       2
       3
       3
       1
       2
       1
       4
       2
       1
       3
       3
       2
       0
       1
       1
       0
       3
       1
       3
       0
       3
       0
       1
       0
       2
       0
       2
       1
       3
       4
       2
       2
       1
       2
       1
       3
       1
       3
       1
       4
       3
       0
       1
       3
       3
       2
       4
       1
       2
       3
       2
       1
       1
       1
       0
       1
       3
       2
       3
       3
       2
       1
       1
       2
       0
       2
       1
       1
       0
       1
       1
       3
       4
       1
       2
       1
       2
       2
       1
       1
       0
       1
       4
       1
       1
       2
       0
       2
       0
       0
       1
       0
       0
       0
       0
       3
       0
       2
       1
       2
       2
       1
       0
       1
       1
       1
       0
       0
       0
       1
       0
       2
       1
       0
       2
       1
       4
       0
       0
       1
       0
       0
       2
       4
       2
       1
       1
       1
       0
       1
       1
       3
       1
       0
       1
       3
       1
       0
       2
       2
       0
       0
       1
       3
       2
       1
       1
       1
       1
       3
       0
       1
       1
       1
       2
       0
       1
       1
       3
       2
       1
       3
       1
       0
       3
       1
       0
       4
       1
       1
       1
       1
       2
       7
       1
       2
       1
       3
       0
       4
       3
       1
       4
       1
       4
       6
       1
       6
       4
       1
       5
       2
       5
       4
       5
       3
       5
       4
       3
       4
       3
       3
       4
       3
       3
       4
       3
       5
       3
       2
       3
       2
       2
       1
       7
       2
       2
       3
       5
       5
       1
       3
       1
       5
       1
       4
       2
       0
       3
       2
       3
       3
       1
       1
       2
       4
       0
       1
       0
       0
       2
       0
       1
       0
       0
       1
       1
       2
       4
       0
       1
       0
       2
       1
       1
       0
       3
       0
       2
       0
       1
       4
       1
       2
       2
       3
       1
       1
       1
       0
       0
       1
       1
       1
       1
       1
       3
       0
       0
$ROI:
4
25 62
291 374
724 792
819 910
$PRESETS:
Live Time
100
0
$ENER_FIT:
0.022610 1.540429
$MCA_CAL:
3
2.261041E-002 1.540429E+000 0.000000E+000
$SHAPE_CAL:
3
2.792237E+001 1.776585E-002 0.000000E+000
