$SPEC_ID:
No sample description was entered.
$SPEC_REM:
DET# 1
DETDESC# MCB 345
AP# GammaVision Version 6.01
$DATE_MEA:
02/20/2020 09:35:25
$MEAS_TIM:
100 100
$DATA:
0 1023
       0
       0
       1
       0
       0
       0
       0
       0
       0
      15
      41
      86
      87
      86
      80
      95
      94
      99
     104
      94
     103
      94
     102
     106
     103
     110
     115
     119
     128
     141
     142
     142
     147
     130
     150
     166
     171
     161
     199
     207
     232
     224
     224
     238
     219
     247
     227
     239
     204
     217
     219
     227
     208
     212
     187
     195
     184
     201
     193
     205
     213
     189
     220
     224
     190
     185
     201
     176
     194
     174
     210
     224
     229
     201
     220
     172
     186
     206
     220
     224
     220
     191
     190
     197
     201
     199
     211
     202
     213
     178
     179
     221
     178
     183
     162
     194
     194
     201
     173
     185
     190
     170
     179
     182
     172
     180
     167
     191
     164
     167
     187
     188
     170
     159
     184
     194
     183
     203
     206
     162
     196
     181
     162
     172
     177
     165
     165
     173
     206
     194
     202
     200
     186
     200
     175
     222
     195
     196
     189
     198
     199
     219
     216
     188
     186
     196
     190
     179
     189
     170
     197
     189
     172
     163
     169
     168
     165
     142
     148
     128
     120
     160
     133
     141
     146
     142
     119
     134
     127
     111
     130
     130
     125
     138
     140
     143
     139
     107
     128
     122
     129
     144
     118
     121
     115
     117
     131
     119
     136
     102
      96
     115
     112
     109
     108
     109
     125
     123
     106
     123
     125
     121
     101
      97
      87
     113
     103
      93
     106
     122
     101
     113
     102
      99
      91
      93
     100
      99
      89
     100
     112
      90
      89
      91
     110
      69
      94
     103
     103
     113
      75
      86
      82
      95
      67
      88
      79
      77
      92
      75
     104
      90
      99
     100
      87
      90
     106
      83
      98
     103
      73
      76
      70
      95
      70
      88
      95
      91
      79
      83
      69
      91
      78
      86
      73
      65
      83
      73
      81
      86
      84
      77
      81
      78
      67
      95
      73
      54
      52
      77
      57
      73
      69
      66
      67
      78
      70
      70
      83
      74
      70
      68
      59
      70
      63
      71
      72
      65
      65
      60
      86
      81
      90
      69
      72
      65
      77
      80
      79
      57
      70
      55
      81
      73
      53
      63
      86
      64
      70
      54
      75
      71
      73
      63
      67
      67
      70
      62
      65
      67
      56
      62
      71
      66
      62
      70
      67
      56
      77
      68
      65
      63
      74
      76
      78
      68
      63
      63
      72
      65
      72
      83
      79
      59
      58
      75
      52
      69
      61
      67
      69
      57
      59
      49
      55
      63
      48
      66
      50
      68
      62
      76
      54
      63
      50
      59
      59
      71
      64
      64
      52
      68
      48
      68
      54
      55
      57
      70
      63
      58
      82
      72
      58
      72
      57
      68
      61
      61
      66
      52
      60
      59
      71
      52
      63
      64
      40
      49
      57
      80
      64
      52
      58
      61
      51
      61
      70
      65
      66
      49
      46
      65
      70
      53
      60
      64
      62
      79
      69
      54
      60
      76
      74
      61
      68
      52
      62
      65
      58
      56
      66
      57
      52
      71
      56
      70
      79
      66
      58
      49
      54
      57
      68
      61
      51
      55
      47
      65
      56
      67
      62
      68
      48
      62
      48
      61
      57
      61
      51
      62
      57
      59
      53
      56
      76
      60
      74
      62
      54
      60
      53
      57
      61
      62
      57
      57
      53
      66
      60
      69
      66
      62
      62
      59
      43
      67
      61
      53
      71
      70
      57
      50
      59
      60
      50
      53
      68
      55
      66
      50
      62
      45
      61
      61
      49
      57
      50
      50
      64
      62
      50
      67
      56
      61
      48
      77
      68
      44
      60
      61
      64
      57
      64
      59
      58
      55
      63
      51
      56
      55
      70
      70
      71
      76
      44
      67
      63
      71
      49
      71
      65
      54
      73
      68
      61
      67
      63
      54
      79
      76
      63
      75
      52
      58
      61
      58
      64
      60
      59
      64
      71
      64
      64
      65
      54
      70
      63
      56
      58
      74
      66
      67
      62
      68
      59
      51
      67
      63
      63
      64
      52
      76
      69
      74
      64
      61
      60
      77
      67
      68
      57
      61
      70
      64
      46
      48
      45
      64
      66
      52
      48
      43
      52
      61
      40
      56
      50
      57
      58
      44
      51
      49
      39
      47
      54
      50
      51
      50
      48
      46
      49
      54
      43
      69
      44
      41
      41
      49
      63
      43
      50
      51
      39
      47
      43
      48
      36
      39
      56
      45
      37
      39
      37
      43
      47
      41
      48
      40
      37
      48
      48
      40
      36
      37
      39
      44
      35
      37
      48
      30
      52
      35
      37
      43
      40
      39
      44
      48
      39
      48
      45
      48
      32
      27
      26
      33
      40
      34
      35
      37
      27
      35
      38
      30
      40
      33
      35
      33
      22
      28
      36
      32
      32
      26
      34
      35
      39
      35
      29
      38
      28
      35
      28
      27
      40
      38
      43
      43
      32
      37
      35
      32
      43
      46
      63
      59
      68
      71
      59
      67
      84
      69
      76
     102
      86
      91
      99
     101
     113
     116
     132
     132
     134
     136
     146
     146
     161
     154
     173
     144
     177
     163
     182
     187
     157
     166
     184
     191
     196
     193
     189
     194
     181
     191
     170
     190
     205
     192
     174
     183
     147
     158
     149
     144
     131
     126
     131
     164
     138
     119
     132
     127
     106
     110
      99
      92
      86
      93
      89
      78
      63
      61
      41
      56
      44
      51
      51
      34
      42
      29
      41
      29
      33
      34
      25
      24
      23
      29
      16
      17
      23
      19
      27
      15
      16
      23
      24
      29
      25
      21
      24
      40
      33
      22
      29
      38
      53
      37
      45
      59
      46
      57
      48
      75
      68
      54
      75
      83
      84
      80
     101
      87
      98
     107
     126
     119
     122
     107
     124
     124
     133
     151
     129
     154
     142
     142
     174
     187
     156
     146
     160
     157
     148
     136
     155
     144
     142
     152
     136
     174
     132
     138
     145
     120
     139
     132
     129
     142
     104
     122
     120
     109
     117
      90
      90
      87
      90
      88
      78
      58
      63
      49
      73
      68
      63
      46
      42
      40
      50
      34
      39
      31
      27
      31
      31
      24
      16
      18
      16
      13
      13
      14
      15
      11
      13
       7
      10
       6
      11
       6
       1
       7
       8
       4
       6
       9
       2
       3
       6
       2
       4
       7
       3
       6
       5
       4
       2
       5
       5
       5
       2
       7
       3
       2
       4
       3
       6
       4
       4
       3
       3
       2
       1
       2
       5
       4
       4
       3
       2
       3
       4
       6
       5
       5
       5
       2
       2
       0
       4
       4
       2
       5
       4
       2
       2
       1
       2
       1
       1
       4
       0
       3
       2
       3
       2
       1
       2
       2
       2
       0
       1
       3
       0
       1
       2
       4
       1
       2
       1
       0
       5
       1
       2
       2
       2
       4
       2
       0
       1
       1
       5
       3
       1
       0
       1
       1
       1
       0
       1
       0
       2
       1
       1
       0
$ROI:
4
25 62
291 374
724 792
819 910
$PRESETS:
Live Time
100
0
$ENER_FIT:
11.326575 6.489796
$MCA_CAL:
3
1.132658E+001 6.489796E+000 0.000000E+000
$SHAPE_CAL:
3
0.000000E+000 0.000000E+000 0.000000E+000
