$SPEC_ID:
No sample description was entered.
$SPEC_REM:
DET# 1
DETDESC# MCB 345
AP# GammaVision Version 6.01
$DATE_MEA:
02/20/2020 09:24:05
$MEAS_TIM:
100 102
$DATA:
0 1023
       0
       0
       0
       0
       0
       0
       0
       0
       0
     153
     512
     498
     414
     407
     371
     359
     436
     457
     460
     440
     440
     429
     400
     429
     476
     481
     572
     631
     650
     723
     736
     755
     735
     832
     872
     894
    1008
    1124
    1170
    1197
    1280
    1313
    1444
    1570
    1804
    2189
    2545
    3094
    3647
    4264
    4366
    4483
    4063
    3452
    2751
    2080
    1436
     926
     591
     339
     229
     167
     143
      96
     119
     109
     102
     108
      99
      76
      90
      95
      83
      70
      87
      71
      81
      74
      62
      74
      70
      73
      67
      77
      91
      72
      83
      84
      51
      49
      83
      50
      61
      58
      58
      62
      54
      60
      73
      64
      60
      68
      68
      57
      49
      52
      58
      43
      44
      55
      52
      49
      49
      53
      52
      44
      31
      61
      44
      36
      52
      44
      44
      45
      56
      42
      39
      47
      49
      39
      41
      40
      33
      38
      41
      36
      32
      39
      48
      31
      36
      39
      55
      46
      50
      36
      37
      49
      39
      37
      30
      36
      36
      33
      24
      26
      22
      33
      37
      29
      32
      32
      31
      33
      26
      29
      33
      35
      24
      28
      24
      21
      24
      28
      23
      20
      23
      20
      24
      24
      25
      27
      21
      18
      24
      19
      26
      21
      23
      23
      24
      13
      25
      17
      30
      22
      17
      23
      24
      24
      12
      21
      14
      13
      22
      16
      19
      11
      14
      18
      20
      15
      19
      11
      11
      19
      13
      21
      15
      18
      11
      17
      14
      13
      11
      28
      18
      18
      11
      16
      17
      21
      14
      15
      26
      10
      15
      19
      18
      12
      17
      14
      11
      15
       9
      12
      16
      15
      15
       5
      11
       7
      14
      20
      10
      11
      15
       4
      12
       7
       7
       6
       8
      11
      12
      10
      10
       9
      14
      11
      15
      10
      13
      16
      11
       6
      11
       6
      11
       9
       4
       6
       7
       7
      15
       9
       6
      11
       8
      10
       8
       6
       7
      12
      11
       5
       8
       7
       9
       9
       4
       8
      11
       7
       6
       8
       7
      13
       9
       5
       7
       7
       9
      13
      14
       3
       8
      11
      11
       4
       6
      12
       6
       9
      10
      11
       8
       7
      10
      11
       9
       8
      12
      10
       6
       6
       6
       7
       6
       3
       5
       6
       2
       7
       4
       7
       7
       7
       6
       3
       3
       5
       3
       6
       6
      10
      14
       2
       6
       7
      10
       6
       7
       5
      10
       6
       7
       5
      10
       7
       5
       6
       6
       7
       3
       6
       5
       9
       5
       6
       9
       5
       6
       7
       9
       6
       7
       6
       5
       3
       7
      10
       8
       6
       3
      10
       5
       9
       8
      11
       4
       4
      10
       9
       8
       5
       6
       8
      13
       2
       7
       4
       3
      10
       9
       4
       2
       6
       3
       8
       6
       7
       8
       5
       4
       1
       5
       5
      11
       2
       4
       6
       8
       3
       7
       5
       5
       6
       4
       6
       3
       0
       6
       4
       2
       1
       5
       2
       7
       2
       3
       3
       5
       2
       5
       3
       5
       5
       4
       2
       2
       4
       3
       2
       4
       3
       0
       4
       1
       3
       3
       5
       2
       2
       6
       8
       5
       7
       4
       1
       6
       4
       4
       2
       6
       3
       4
       4
       4
       4
       3
       2
       5
       1
       5
       4
       5
       1
       3
       7
       3
       0
       4
       5
       0
       6
       3
       3
       2
       3
       5
       3
       2
       6
       2
       3
       2
       4
       1
       3
       2
       9
       3
       4
       5
       1
       2
       0
       3
       5
       3
       4
       3
       1
       2
       4
       3
       3
       3
       2
       3
       3
       3
       4
       4
       1
       1
       3
       1
       4
       3
       2
       2
       3
       3
       1
       5
       4
       2
       3
       5
       3
       2
       4
       1
       1
       1
       1
       4
       3
       1
       2
       2
       1
       2
       2
       2
       0
       4
       3
       1
       4
       0
       2
       2
       7
       1
       4
       5
       2
       5
       5
       3
       1
       4
       4
       3
       2
       1
       3
       1
       1
       3
       1
       1
       6
       0
       2
       4
       1
       3
       0
       4
       4
       5
       5
       3
       3
       6
       3
       0
       2
       1
       4
       2
       6
       6
       1
       3
       1
       4
       1
       0
       2
       3
       0
       3
       3
       2
       2
       1
       1
       1
       5
       5
       4
       1
       3
       6
       0
       2
       3
       1
       3
       2
       4
       2
       3
       6
       5
       4
       2
       1
       2
       1
       1
       3
       2
       0
       1
       0
       1
       3
       3
       3
       0
       1
       2
       2
       1
       1
       1
       1
       3
       0
       3
       0
       3
       1
       0
       2
       4
       3
       1
       4
       2
       1
       4
       1
       3
       3
       4
       2
       1
       1
       2
       3
       2
       3
       4
       6
       2
       6
       3
       0
       4
       0
       1
       5
       0
       0
       3
       2
       0
       3
       3
       3
       2
       2
       7
       4
       2
       2
       2
       3
       2
       0
       2
       4
       1
       3
       4
       3
       3
       1
       3
       3
       0
       5
       1
       4
       2
       2
       2
       3
       3
       0
       3
       1
       6
       1
       1
       1
       1
       0
       1
       2
       0
       2
       3
       1
       1
       1
       3
       0
       3
       1
       2
       1
       1
       1
       2
       1
       1
       1
       2
       1
       4
       1
       0
       1
       8
       0
       1
       2
       2
       1
       0
       2
       0
       1
       1
       0
       1
       2
       1
       0
       0
       0
       2
       2
       1
       2
       1
       1
       0
       1
       2
       1
       1
       2
       2
       1
       0
       3
       0
       1
       0
       1
       0
       0
       0
       1
       0
       0
       1
       0
       0
       1
       1
       1
       1
       2
       0
       1
       0
       1
       0
       0
       2
       2
       0
       2
       0
       1
       1
       0
       0
       0
       0
       1
       0
       2
       1
       0
       1
       1
       3
       1
       1
       1
       2
       0
       0
       1
       0
       0
       2
       1
       0
       0
       1
       2
       0
       0
       3
       3
       0
       0
       1
       4
       0
       1
       2
       2
       0
       1
       0
       1
       0
       1
       2
       0
       0
       0
       3
       0
       0
       2
       1
       2
       2
       1
       7
       2
       2
       3
       1
       2
       1
       1
       2
       2
       2
       5
       3
       5
       2
       2
       4
       5
       6
       1
       2
       6
       4
       1
       6
       4
       3
       4
       4
       2
       2
       0
       3
       4
       2
       2
       5
       5
       2
       3
       1
       2
       2
       4
       2
       4
       1
       2
       3
       1
       3
       5
       0
       1
       1
       1
       2
       0
       0
       1
       2
       3
       0
       2
       1
       0
       4
       1
       3
       2
       0
       1
       1
       1
       0
       0
       4
       0
       2
       0
       2
       1
       1
       0
       0
       0
       2
       1
       4
       2
       1
       0
       2
       0
       2
       4
       3
       3
       0
       1
       2
       4
       0
       0
       1
       0
       2
       0
       0
       0
       0
$ROI:
2
59 92
291 374
$PRESETS:
Live Time
100
0
$ENER_FIT:
11.326575 6.489796
$MCA_CAL:
3
1.132658E+001 6.489796E+000 0.000000E+000
$SHAPE_CAL:
3
0.000000E+000 0.000000E+000 0.000000E+000
