$SPEC_ID:
No sample description was entered.
$SPEC_REM:
DET# 1
DETDESC# MCB 345
AP# Maestro Version 6.04
$DATE_MEA:
02/20/2020 10:14:31
$MEAS_TIM:
100 105
$DATA:
0 1023
       0
       0
       1
       0
       0
       0
       0
       0
       0
     125
     492
     893
    1088
    1107
    1145
    1211
    1301
    1354
    1447
    1552
    1804
    1963
    2116
    2354
    2702
    2990
    3375
    3891
    4401
    4803
    5228
    5699
    6140
    6501
    6493
    6772
    6903
    7184
    7251
    7368
    7397
    7322
    7198
    7021
    7003
    6709
    6584
    6554
    6524
    6726
    7213
    8076
    9352
   11087
   13344
   15974
   18867
   21477
   23804
   24971
   25022
   24582
   22862
   19811
   16937
   13669
   11218
    8677
    6715
    5166
    3828
    3019
    2360
    1704
    1263
     949
     700
     452
     320
     225
     154
     137
      91
     104
     106
     118
      92
      82
      74
      86
      88
      92
     100
      82
      90
      86
      86
      93
      78
     108
      71
      80
      81
      72
      87
      79
      83
      70
      76
      88
      67
      72
      69
      65
      75
      70
      70
      57
      58
      73
      63
      57
      63
      69
      52
      66
      54
      54
      55
      61
      58
      53
      65
      53
      58
      48
      46
      37
      37
      34
      25
      30
      29
      31
      20
      15
      32
      24
      16
      19
      20
      19
      11
      15
      12
      14
      14
      18
      15
      11
      14
      17
      12
       6
      18
      10
       8
      16
      14
      14
      12
       8
      10
       8
      17
      17
      15
      10
      16
      14
       8
      13
      15
       8
      13
       7
       8
      15
      12
       8
       8
      11
      11
      12
      20
      11
      14
       6
      11
       5
      10
      11
      11
       8
       8
       4
       6
       9
       8
       6
       4
      10
       5
       3
       5
       4
       7
       4
       3
       7
       9
       7
       4
       7
       8
       9
       4
       5
       6
       2
       3
      10
       8
       3
       3
       9
       7
       6
       7
       5
       4
       7
       6
       4
       7
       1
       3
       3
       3
       4
      12
       5
      10
       6
       4
       5
       3
       4
       5
       5
       7
       3
       2
       0
       4
       5
       3
       6
       6
       6
       5
       6
       7
       6
       2
       3
       2
       3
       3
       6
       3
       7
       3
       5
       3
       4
       5
       5
       4
       5
       2
       1
       2
       1
       3
       5
       3
       2
       4
       3
       3
       1
       7
       2
       5
       7
       2
       2
       1
       1
       5
       5
       3
       0
       2
       3
       6
       5
       8
       2
       7
       0
       5
       3
       5
       3
       4
       5
       2
       1
       5
       4
       2
       4
       1
       6
       1
       5
       6
       1
       6
       7
       5
       3
       5
       3
       1
       4
       2
       2
       0
       5
       3
       2
       1
       3
       0
       2
       2
       7
       4
       3
       5
       3
       5
       1
       3
       5
       5
       3
       8
       4
       5
       2
       6
       9
       5
       5
       6
       3
       5
       6
       3
      10
       8
       3
      12
       5
       2
       7
       5
       5
       9
       4
       0
       1
       8
       1
       2
       4
       2
       3
       5
       3
       0
       1
       2
       2
       1
       1
       1
       1
       1
       1
       1
       1
       2
       0
       2
       1
       3
       0
       1
       0
       2
       2
       0
       2
       5
       1
       3
       0
       1
       0
       2
       0
       2
       3
       2
       3
       3
       2
       0
       2
       0
       1
       1
       1
       0
       0
       0
       0
       4
       1
       0
       0
       2
       4
       1
       3
       2
       1
       1
       0
       3
       0
       1
       1
       2
       2
       3
       2
       0
       1
       3
       1
       2
       1
       0
       1
       0
       1
       1
       3
       4
       2
       1
       4
       0
       2
       2
       3
       0
       0
       0
       0
       0
       2
       2
       4
       0
       2
       4
       2
       2
       1
       0
       4
       1
       0
       0
       2
       1
       1
       4
       1
       0
       0
       0
       3
       0
       1
       3
       2
       1
       1
       1
       1
       0
       2
       0
       3
       1
       0
       1
       1
       0
       0
       1
       0
       0
       2
       0
       5
       3
       0
       0
       2
       0
       3
       2
       1
       2
       1
       1
       1
       0
       0
       2
       1
       0
       1
       0
       1
       0
       2
       2
       0
       0
       1
       0
       1
       1
       1
       0
       0
       2
       0
       0
       1
       0
       1
       1
       0
       2
       0
       0
       0
       1
       0
       0
       2
       2
       1
       1
       1
       0
       1
       0
       1
       2
       0
       0
       1
       0
       1
       0
       1
       2
       1
       2
       0
       2
       0
       1
       2
       1
       1
       0
       1
       0
       0
       0
       0
       2
       0
       0
       2
       0
       1
       0
       0
       0
       1
       1
       0
       0
       1
       2
       1
       1
       0
       1
       0
       0
       0
       0
       2
       0
       0
       4
       1
       1
       2
       1
       2
       0
       1
       1
       0
       0
       0
       0
       1
       1
       0
       0
       0
       1
       0
       0
       0
       1
       0
       1
       1
       0
       0
       1
       1
       0
       0
       1
       0
       2
       1
       0
       1
       1
       1
       2
       0
       0
       0
       1
       0
       1
       0
       1
       0
       1
       1
       0
       1
       0
       0
       0
       0
       1
       1
       0
       0
       1
       0
       1
       0
       1
       0
       0
       0
       0
       0
       2
       1
       2
       0
       0
       0
       0
       0
       0
       0
       1
       0
       0
       0
       0
       1
       0
       0
       0
       2
       1
       0
       0
       1
       0
       0
       1
       1
       1
       1
       0
       1
       1
       0
       3
       0
       0
       0
       0
       1
       1
       0
       0
       1
       1
       1
       1
       1
       0
       1
       1
       1
       1
       0
       0
       0
       1
       4
       3
       0
       2
       0
       1
       0
       1
       0
       1
       2
       0
       0
       1
       1
       0
       0
       1
       1
       1
       0
       1
       2
       0
       2
       0
       1
       1
       2
       0
       1
       2
       1
       2
       0
       0
       0
       0
       1
       0
       0
       0
       1
       0
       0
       1
       0
       0
       0
       0
       0
       0
       0
       0
       0
       0
       1
       0
       0
       0
       0
       0
       1
       1
       0
       0
       1
       0
       0
       2
       0
       0
       0
       0
       0
       0
       0
       0
       0
       0
       0
       0
       0
       0
       0
       1
       0
       0
       0
       1
       1
       0
       0
       0
       0
       0
       0
       0
       0
       0
       0
       2
       0
       0
       0
       0
       0
       0
       0
       0
       0
       0
       0
       0
       0
       0
       0
       0
       0
       0
       0
       0
       1
       0
       0
       1
       0
       0
       1
       0
       0
       0
       1
       0
       0
       0
       0
       0
       0
       0
       0
       0
       0
       0
       1
       0
       0
       0
       0
       0
       0
       0
       0
       0
       0
       1
       0
       0
       0
       0
       0
       0
       0
       1
       0
       0
       0
       0
       0
       0
       0
       0
       1
       1
       1
       1
       0
       0
       0
       0
       2
       2
       0
       0
       0
       2
       0
       1
       1
       0
       0
       0
       0
       0
       0
       0
       0
       1
       0
       0
       1
       1
       0
       0
       0
       0
       0
       0
       0
       0
       0
       0
       1
       0
       1
       0
       0
       0
       0
       0
       0
       0
       1
       0
       0
       0
       0
       0
       2
       0
       0
       0
       0
       1
       1
       0
       0
       1
       0
       0
       0
       0
       0
       1
       0
$ROI:
4
25 62
291 374
724 792
819 910
$PRESETS:
Live Time
100
0
$ENER_FIT:
0.022610 1.540429
$MCA_CAL:
3
2.261041E-002 1.540429E+000 0.000000E+000
$SHAPE_CAL:
3
2.792237E+001 1.776585E-002 0.000000E+000
