$SPEC_ID:
No sample description was entered.
$SPEC_REM:
DET# 1
DETDESC# MCB 345
AP# GammaVision Version 6.01
$DATE_MEA:
02/20/2020 09:45:41
$MEAS_TIM:
100 111
$DATA:
0 1023
       0
       0
       0
       1
       0
       4
       2
       2
       6
     188
     719
    1176
    1478
    1502
    1485
    1530
    1619
    1668
    1703
    1870
    1898
    1876
    2049
    2149
    2269
    2318
    2753
    2937
    3214
    3437
    3715
    4007
    4381
    4628
    5100
    5412
    6033
    6813
    7432
    8203
    8967
    9562
    9889
   10167
   10663
   10880
   11312
   12243
   12399
   12935
   13302
   13575
   13408
   13046
   12394
   11976
   11620
   11331
   11021
   10869
   10887
   10847
   11309
   12180
   13304
   15155
   17632
   21311
   26226
   31526
   37933
   44010
   49233
   52962
   54632
   53337
   49752
   43701
   37096
   30075
   23957
   18563
   14519
   11626
    9617
    8068
    6516
    5341
    4350
    3383
    2686
    2051
    1561
    1172
     818
     735
     538
     495
     479
     462
     409
     412
     410
     402
     382
     424
     393
     416
     421
     376
     415
     380
     385
     381
     434
     395
     380
     356
     367
     425
     381
     406
     441
     355
     375
     415
     355
     394
     372
     385
     379
     398
     373
     370
     416
     420
     401
     423
     380
     355
     405
     338
     377
     337
     343
     353
     364
     365
     363
     351
     336
     320
     329
     353
     312
     278
     340
     312
     344
     311
     309
     286
     261
     252
     233
     262
     253
     246
     226
     225
     198
     194
     186
     172
     182
     152
     153
     176
     154
     144
     135
     143
     129
     128
     125
     145
     131
     139
     114
     118
     104
     146
     114
     129
     119
     118
     123
     114
     115
     117
     134
     113
     117
     128
     118
     119
     125
     121
     129
     120
      99
     101
     112
     101
     133
      94
      98
      99
     107
     128
     109
     120
     114
     119
      99
     102
     108
     102
     108
     114
     119
      95
      93
     110
     101
      98
     110
      97
     104
      95
      88
      89
      97
      78
      93
     107
      90
      88
      90
      97
      84
     102
      95
      83
      85
      96
      95
     106
      83
      77
      91
     100
      86
      92
      80
      82
      75
      77
      98
      79
      90
      91
      76
      80
      97
      88
      78
      77
      81
      65
      81
      63
      78
      80
      76
      89
      91
      65
      71
      62
      86
      78
      82
      91
      75
      67
      70
      73
      68
      67
      73
      79
      75
      69
      69
      76
      92
      88
      80
      82
      76
      83
      94
      89
      69
      60
      71
      90
      81
      75
      76
      81
      79
      58
      77
      77
      74
      56
      73
      78
      59
      80
      85
      81
      89
      92
      73
      71
      59
      78
      72
      88
      70
      70
      69
      67
      73
      66
      57
      77
      73
      56
      74
      67
      66
      61
      69
      71
      71
      60
      89
      68
      66
      67
      83
      68
      67
      66
      72
      65
      61
      74
      63
      64
      56
      63
      79
      91
      61
      58
      62
      73
      66
      62
      70
      44
      66
      78
      73
      75
      71
      67
      69
      64
      77
      57
      53
      58
      71
      63
      76
      75
      75
      78
      60
      67
      68
      55
      68
      66
      60
      79
      78
      63
      65
      75
      66
      56
      67
      78
      56
      60
      63
      70
      76
      61
      78
      67
      70
      59
      58
      70
      72
      76
      74
      66
      66
      66
      70
      63
      82
      66
      68
      70
      68
      75
      85
      89
      68
      63
      85
      76
      90
      82
      79
      85
      61
      67
      66
      82
      72
      78
      69
      73
      71
      75
      79
      81
      74
      74
      60
      72
      60
      70
      54
      66
      72
      57
      62
      49
      63
      42
      52
      68
      65
      54
      64
      60
      64
      50
      66
      64
      52
      64
      54
      78
      58
      52
      44
      58
      74
      58
      63
      80
      68
      58
      61
      62
      65
      51
      61
      78
      72
      62
      68
      63
      66
      58
      67
      74
      58
      65
      53
      75
      47
      71
      64
      71
      63
      63
      73
      76
      69
      67
      55
      53
      63
      54
      69
      66
      69
      96
      71
      69
      53
      49
      66
      48
      70
      76
      85
      73
      71
      67
      60
      75
      71
      80
      77
      59
      59
      72
      68
      61
      79
      70
      70
      78
      82
      51
      71
      72
      84
      77
      48
      85
      64
      60
      64
      71
      63
      64
      79
      79
      66
      77
      79
      63
      74
      63
      56
      72
      66
      68
      65
      71
      83
      72
      47
      65
      54
      68
      57
      64
      58
      50
      56
      59
      57
      50
      49
      61
      52
      69
      60
      55
      53
      47
      44
      59
      49
      70
      52
      46
      56
      54
      59
      64
      47
      55
      49
      43
      48
      39
      45
      42
      35
      49
      42
      55
      40
      48
      40
      57
      47
      49
      43
      45
      43
      50
      33
      38
      36
      27
      48
      38
      34
      46
      56
      28
      41
      44
      37
      43
      34
      48
      43
      35
      39
      41
      33
      47
      38
      47
      41
      34
      37
      52
      44
      54
      30
      47
      44
      36
      41
      45
      37
      38
      48
      36
      37
      37
      45
      36
      30
      28
      45
      34
      36
      40
      22
      34
      23
      34
      27
      35
      25
      36
      39
      39
      31
      25
      26
      44
      27
      35
      40
      43
      58
      37
      38
      41
      31
      34
      43
      64
      46
      52
      66
      67
      60
      63
      81
      58
      71
      87
      88
      91
     101
      93
      96
     114
     147
     106
     123
     125
     154
     141
     159
     174
     172
     149
     172
     181
     164
     200
     176
     202
     184
     203
     184
     181
     209
     193
     209
     185
     186
     177
     199
     177
     199
     180
     181
     160
     169
     133
     150
     129
     154
     147
     125
     128
     129
     129
     112
     107
     120
      82
      87
      88
      79
      65
      66
      58
      68
      64
      38
      42
      36
      36
      42
      35
      33
      27
      32
      29
      27
      13
      23
      28
      21
      20
      26
      23
      18
      19
      25
      19
      20
      25
      22
      31
      29
      27
      28
      29
      46
      37
      40
      52
      46
      49
      60
      59
      50
      59
      67
      77
      76
      79
      76
      89
     101
      99
      91
     113
     105
     123
     111
     112
     113
     131
     138
     143
     143
     137
     166
     129
     159
     154
     171
     154
     156
     169
     163
     162
     174
     150
     162
     129
     143
     165
     160
     132
     141
     138
     134
     137
     142
     127
     162
     131
     128
     104
     111
     114
      99
      93
      89
      96
      76
      87
      75
      61
      82
      70
      52
      38
      56
      49
      39
      48
      41
      39
      40
      31
      34
      22
      22
      31
      11
      20
      22
      20
      21
       9
      10
      11
       8
      19
       6
      13
      15
       8
       7
      16
       3
       5
       4
       7
       6
       1
      10
      10
       8
      10
       5
       4
       5
       6
       4
       6
       6
       7
       4
       6
       7
       2
       5
       6
       6
       7
       5
       6
       2
       5
       5
       4
       6
       1
       4
       3
       0
       3
       7
       4
       6
       5
       1
       1
       3
       6
       4
       7
       3
       2
       0
       2
       2
       1
       4
       1
       3
       0
       1
       2
       2
       2
       1
       1
       2
       3
       1
       2
       0
       5
       0
       2
       1
       4
       3
       1
       4
       2
       5
       0
       7
       3
       2
       3
       2
       4
       3
       0
       1
       0
       0
       1
       0
       1
       1
       3
       1
       0
$ROI:
4
25 62
291 374
724 792
819 910
$PRESETS:
Live Time
100
0
$ENER_FIT:
11.326575 6.489796
$MCA_CAL:
3
1.132658E+001 6.489796E+000 0.000000E+000
$SHAPE_CAL:
3
0.000000E+000 0.000000E+000 0.000000E+000
