$SPEC_ID:
No sample description was entered.
$SPEC_REM:
DET# 1
DETDESC# MCB 345
AP# GammaVision Version 6.01
$DATE_MEA:
02/20/2020 09:19:48
$MEAS_TIM:
100 110
$DATA:
0 1023
       0
       0
       0
       0
       0
       0
       2
       3
       3
     195
     674
    1175
    1361
    1434
    1479
    1393
    1545
    1560
    1671
    1663
    1788
    1823
    1892
    1999
    2235
    2363
    2615
    2825
    3184
    3299
    3559
    3892
    4228
    4559
    4935
    5449
    6107
    6916
    7354
    8245
    8787
    9336
    9591
   10331
   10265
   10953
   11476
   11974
   12647
   13001
   13433
   13413
   13376
   13131
   12466
   11924
   11350
   11182
   10790
   10684
   10520
   10564
   11115
   12045
   13412
   15305
   18232
   22003
   27059
   32862
   39200
   45438
   50356
   53733
   54647
   52597
   48295
   42121
   35022
   28543
   22315
   17591
   13872
   10914
    9150
    7460
    6103
    5135
    4084
    3118
    2352
    1801
    1328
     903
     684
     478
     426
     395
     310
     343
     292
     313
     306
     289
     348
     312
     287
     286
     280
     274
     298
     274
     278
     262
     283
     259
     276
     298
     242
     273
     269
     255
     262
     245
     263
     279
     254
     253
     262
     248
     257
     241
     250
     278
     268
     251
     246
     236
     220
     205
     200
     218
     220
     210
     191
     236
     203
     197
     204
     216
     214
     186
     201
     223
     182
     214
     191
     183
     189
     178
     190
     174
     162
     140
     139
     124
     139
     122
     106
      89
      86
      73
      85
      69
      56
      56
      47
      39
      56
      42
      34
      29
      35
      44
      34
      34
      35
      34
      40
      41
      36
      27
      31
      24
      24
      37
      34
      29
      17
      23
      33
      27
      26
      29
      25
      28
      36
      32
      19
      25
      30
      27
      27
      25
      32
      33
      28
      25
      24
      28
      31
      20
      29
      14
      31
      28
      33
      25
      28
      20
      19
      19
      25
      25
      16
      16
      24
      20
      16
      16
      18
      15
      16
      21
      11
      19
      20
      15
      16
      16
      12
      20
      10
      22
      13
      14
      16
      20
      12
      15
      21
      10
      17
      12
      14
      14
      21
      14
      24
      12
      12
      15
      22
      19
       8
       8
       9
      14
      17
      15
       8
      10
      11
      10
       8
       8
       7
      15
       9
      12
      19
      12
      13
       7
       8
       8
      11
      17
      16
       9
      18
      11
       6
      11
      12
      14
      10
      11
      13
      14
       8
       6
      10
      13
       9
      11
      12
       9
      14
       7
       8
       9
      10
       9
      13
       7
       4
       7
       9
       5
       4
       7
       9
      14
       8
       4
      14
       7
       6
       6
      10
       8
       3
       9
       5
       5
      10
       9
      14
       6
       9
       5
       3
      11
      12
      11
       9
       9
       4
       5
      11
       8
       9
      11
       5
      15
       7
       9
       9
       3
      11
       6
       7
       9
       9
       7
      13
       5
      11
      10
      14
      14
      12
       8
       6
       9
       8
       6
       9
       8
      14
       7
       5
      11
       6
      10
       9
       5
       5
       8
       8
       7
      13
       5
       6
       4
       7
       8
       3
       3
       9
       6
       5
       8
       7
       4
       8
       8
       6
       9
       5
       3
       5
       4
       8
       9
       7
      10
       8
       8
      11
       9
       7
      10
      11
      19
      18
      11
      15
      19
      11
      13
      25
      23
      16
      14
      13
      19
      16
      19
      23
      19
      20
      17
       9
      15
       5
      19
      17
      12
      13
       8
      21
      20
       4
      14
      10
       9
       9
       9
       6
       6
       7
       6
       9
       7
      12
      10
      11
       6
       4
       3
       7
       5
      10
       6
       2
       8
       3
       3
       9
       4
       2
       5
       8
       3
       2
       4
       2
       6
       4
       2
       2
       6
       5
       4
       3
       7
       6
       3
       0
       4
       0
       2
       0
       7
       4
       8
       4
       6
       2
       1
       2
       2
       5
       1
       2
       2
       4
       2
       2
       2
       1
       3
       1
       2
       5
       1
       2
       2
       1
       6
       4
       2
       2
       5
       2
       3
       4
       1
       2
       1
       8
       6
       6
       3
       4
       4
       7
       2
       1
       2
       3
       5
       4
       5
       4
       4
       3
       2
       2
       1
       3
       2
       3
       1
       4
       3
       5
       0
       7
       2
       4
       1
       1
       2
       2
       0
       3
       2
       7
       3
       6
       5
       1
       5
       3
       0
       2
       1
       3
       0
       5
       3
       2
       5
       1
       5
       2
       1
       4
       3
       6
       6
       3
       7
       3
       0
       2
       1
       1
       1
       3
       0
       4
       1
       3
       2
       4
       4
       5
       1
       3
       2
       1
       4
       3
       4
       2
       4
       2
       3
       1
       7
       1
       4
       4
       3
       3
       3
       1
       6
       1
       4
       4
       6
       2
       1
       3
       4
       4
       3
       2
       0
       3
       3
       4
       1
       4
       1
       3
       6
       1
       1
       1
       3
       2
       1
       1
       0
       2
       2
       1
       0
       3
       3
       2
       0
       4
       1
       4
       2
       1
       1
       3
       3
       2
       2
       2
       1
       4
       3
       2
       5
       0
       5
       0
       0
       4
       2
       3
       0
       1
       0
       4
       3
       0
       1
       3
       0
       0
       5
       1
       1
       4
       7
       1
       2
       4
       1
       2
       7
       3
       2
       5
       0
       1
       4
       0
       1
       1
       1
       3
       0
       6
       5
       2
       2
       1
       0
       0
       1
       0
       0
       3
       3
       1
       0
       0
       0
       1
       0
       2
       1
       1
       4
       1
       1
       3
       1
       2
       1
       0
       2
       2
       1
       0
       0
       0
       2
       4
       2
       1
       1
       1
       1
       5
       1
       0
       0
       2
       2
       0
       4
       0
       1
       3
       1
       3
       2
       2
       2
       5
       1
       1
       3
       2
       1
       1
       3
       0
       1
       2
       3
       2
       3
       3
       3
       1
       1
       3
       1
       1
       3
       0
       1
       0
       4
       0
       3
       0
       2
       0
       4
       0
       0
       0
       1
       0
       1
       0
       0
       1
       1
       1
       1
       0
       1
       1
       2
       0
       1
       2
       0
       1
       1
       1
       1
       1
       0
       0
       1
       0
       1
       0
       1
       1
       0
       0
       1
       1
       1
       0
       2
       2
       1
       2
       0
       1
       1
       1
       2
       0
       3
       0
       1
       2
       0
       0
       1
       2
       1
       2
       2
       1
       0
       1
       1
       2
       1
       2
       2
       1
       3
       1
       1
       2
       0
       2
       2
       3
       2
       3
       2
       0
       1
       2
       2
       5
       1
       2
       4
       5
       2
       1
       4
       1
       4
       7
       6
       4
       3
       4
       6
       2
       2
       6
       4
       0
       6
       4
       1
       9
       3
       4
       4
       4
       4
       0
       4
       2
       2
       5
       5
       4
       4
       4
       6
       4
       3
       4
       7
       2
       5
       5
       4
       3
       1
       4
       2
       1
       2
       1
       0
       3
       3
       0
       3
       3
       2
       1
       0
       2
       1
       2
       0
       3
       1
       2
       2
       0
       1
       3
       0
       1
       0
       1
       2
       0
       2
       0
       4
       6
       3
       7
       2
       3
       2
       0
       3
       1
       3
       1
       0
       2
       0
       2
       3
       2
       0
       2
       0
       1
       0
$ROI:
2
30 159
291 374
$PRESETS:
Live Time
100
0
$ENER_FIT:
11.326575 6.489796
$MCA_CAL:
3
1.132658E+001 6.489796E+000 0.000000E+000
$SHAPE_CAL:
3
0.000000E+000 0.000000E+000 0.000000E+000
