$SPEC_ID:
No sample description was entered.
$SPEC_REM:
DET# 1
DETDESC# MCB 345
AP# Maestro Version 6.04
$DATE_MEA:
02/20/2020 10:57:28
$MEAS_TIM:
160 169
$DATA:
0 1023
       0
       0
       0
       0
       0
       0
       0
       3
      11
     483
    1446
    2315
    2612
    2576
    2601
    2572
    2531
    2519
    2537
    2542
    2526
    2660
    2659
    2669
    2645
    2600
    2733
    2570
    2669
    2748
    2634
    2589
    2672
    2744
    2564
    2722
    2594
    2641
    2746
    2821
    2883
    2913
    3085
    3398
    3596
    3680
    3845
    3982
    3932
    3945
    3901
    3827
    3623
    3520
    3396
    3380
    3349
    3275
    3154
    3119
    3062
    2975
    2889
    2813
    2905
    2732
    2745
    2845
    2623
    2588
    2530
    2592
    2528
    2487
    2398
    2488
    2380
    2311
    2349
    2329
    2208
    2195
    2199
    2173
    2137
    2099
    2078
    2094
    1977
    1984
    1990
    1964
    1928
    2019
    1886
    1866
    1849
    1810
    1800
    1746
    1825
    1815
    1820
    1767
    1753
    1826
    1681
    1670
    1707
    1685
    1694
    1713
    1635
    1701
    1650
    1545
    1699
    1628
    1655
    1628
    1642
    1639
    1698
    1641
    1621
    1623
    1696
    1547
    1587
    1588
    1598
    1565
    1597
    1561
    1546
    1572
    1497
    1592
    1594
    1474
    1628
    1530
    1566
    1585
    1608
    1572
    1577
    1653
    1568
    1591
    1581
    1582
    1613
    1618
    1575
    1574
    1573
    1579
    1553
    1619
    1634
    1608
    1597
    1610
    1658
    1640
    1551
    1642
    1669
    1672
    1683
    1605
    1693
    1620
    1628
    1612
    1570
    1664
    1641
    1615
    1672
    1619
    1703
    1652
    1569
    1683
    1694
    1681
    1737
    1713
    1733
    1698
    1704
    1758
    1737
    1719
    1731
    1739
    1799
    1782
    1816
    1894
    1877
    1892
    1870
    1846
    1918
    1879
    1890
    1976
    1974
    1967
    2009
    1946
    2095
    2051
    2047
    2082
    2052
    2074
    2041
    2065
    2052
    2062
    2062
    2035
    2028
    1985
    2102
    2031
    2098
    1915
    1985
    1923
    1916
    1910
    1815
    1811
    1727
    1706
    1546
    1591
    1599
    1514
    1500
    1456
    1387
    1493
    1408
    1440
    1429
    1458
    1377
    1370
    1420
    1318
    1278
    1301
    1308
    1334
    1313
    1288
    1280
    1308
    1296
    1241
    1168
    1222
    1150
    1159
    1168
    1080
    1108
    1094
    1062
    1147
    1094
    1088
    1168
    1309
    1314
    1451
    1676
    1819
    2112
    2391
    2740
    3074
    3398
    3854
    4220
    4702
    4996
    5249
    5736
    5825
    6114
    6171
    6219
    6197
    6019
    5891
    5729
    5401
    5033
    4694
    4258
    3895
    3564
    3139
    2777
    2320
    2070
    1647
    1545
    1327
    1257
    1032
     979
     887
     988
    1081
    1165
    1217
    1443
    1661
    1957
    2273
    2430
    2815
    3044
    3453
    3795
    4145
    4299
    4540
    4526
    4756
    5024
    4987
    4885
    4938
    4797
    4437
    4414
    4231
    3955
    3815
    3418
    3198
    2819
    2568
    2241
    1984
    1640
    1402
    1239
    1068
     946
     691
     565
     498
     381
     315
     272
     232
     191
     135
     138
     117
     115
      99
      94
      99
      82
      88
      80
      93
      75
      71
     102
      68
      62
      67
      59
      62
      70
      56
      81
      71
      56
      71
      65
      63
      74
      55
      66
      68
      51
      62
      51
      62
      65
      70
      64
      65
      52
      56
      57
      47
      46
      47
      70
      58
      50
      60
      55
      40
      49
      53
      47
      57
      51
      60
      46
      40
      53
      39
      40
      44
      40
      43
      45
      35
      48
      32
      40
      51
      41
      45
      43
      54
      38
      36
      42
      48
      59
      46
      44
      45
      39
      46
      55
      36
      30
      42
      48
      45
      50
      27
      50
      54
      41
      39
      32
      47
      24
      41
      41
      44
      47
      42
      41
      42
      34
      53
      30
      30
      44
      47
      41
      44
      32
      35
      32
      30
      36
      47
      49
      46
      29
      30
      29
      29
      38
      42
      38
      27
      26
      35
      39
      36
      42
      27
      23
      34
      36
      38
      40
      29
      25
      30
      26
      30
      25
      38
      31
      29
      46
      23
      42
      29
      43
      32
      23
      32
      31
      43
      32
      30
      35
      30
      28
      29
      33
      19
      28
      30
      30
      23
      31
      33
      37
      27
      31
      25
      30
      37
      26
      29
      40
      27
      31
      30
      27
      31
      24
      28
      31
      28
      42
      34
      25
      26
      36
      29
      28
      31
      23
      35
      35
      32
      20
      42
      31
      26
      31
      33
      39
      18
      38
      16
      28
      22
      22
      31
      23
      28
      27
      21
      25
      22
      19
      27
      14
      22
      17
      21
      13
      12
      20
      18
      11
      18
      15
      14
      25
      16
       7
      15
      10
       9
       9
      11
      17
      11
       5
      13
       8
      10
       9
       9
       8
      16
      13
      18
      21
      10
      19
      19
      13
      19
      14
      25
      27
      25
      27
      33
      33
      35
      35
      28
      47
      36
      43
      51
      44
      43
      48
      41
      54
      53
      32
      44
      34
      43
      37
      46
      44
      38
      35
      38
      34
      36
      30
      41
      28
      21
      26
      21
      12
      19
      21
      23
      20
      18
      12
      13
       7
      12
      12
       6
       9
       6
       8
       5
       3
       5
       1
       3
       2
       3
       7
       3
       4
       3
       1
       1
       0
       1
       1
       0
       1
       1
       1
       1
       2
       1
       2
       0
       1
       1
       1
       1
       1
       3
       0
       1
       1
       1
       2
       0
       0
       0
       1
       0
       0
       0
       0
       0
       0
       1
       0
       1
       0
       0
       0
       1
       1
       0
       0
       1
       1
       0
       0
       0
       0
       0
       1
       1
       0
       0
       0
       1
       1
       0
       0
       0
       0
       0
       0
       0
       1
       0
       0
       0
       0
       0
       0
       0
       0
       0
       0
       0
       0
       0
       0
       1
       0
       0
       0
       0
       0
       0
       0
       0
       1
       0
       0
       0
       0
       0
       0
       0
       0
       0
       0
       1
       0
       0
       0
       0
       0
       0
       0
       1
       0
       0
       0
       0
       1
       0
       0
       0
       0
       0
       0
       0
       0
       0
       0
       0
       0
       0
       1
       0
       0
       0
       0
       2
       0
       1
       2
       0
       1
       0
       0
       1
       0
       0
       0
       1
       0
       0
       0
       0
       0
       0
       0
       0
       0
       0
       0
       0
       0
       0
       0
       0
       0
       0
       0
       1
       0
       0
       0
       0
       0
       0
       0
       0
       0
       0
       0
       1
       0
       0
       0
       0
       0
       0
       0
       0
       0
       0
       0
       0
       0
       0
       0
       0
       0
       1
       0
       0
       0
       0
       0
       0
       0
       0
       0
       0
       0
       0
       0
       0
       0
       0
       0
       0
       0
       0
       0
       0
       0
       0
       0
       0
       0
       0
       0
       0
       0
       0
       0
       0
       0
       0
       0
       0
       0
       0
       0
       0
       1
       0
       0
       1
       0
       0
       1
       0
       0
       1
       0
       0
       1
       0
       0
       0
       0
       1
       0
       0
       0
       0
       0
       0
       0
       0
       0
       0
       0
       0
       0
       1
       0
       0
       0
       0
       0
       0
       0
       0
       0
       1
       1
       0
       1
       0
       0
       0
       0
       0
       0
       1
       1
       0
       0
       0
       0
       0
       0
       1
       0
       0
       0
       0
       0
       0
       0
       0
       0
       0
       0
       0
       0
       0
       0
       0
       0
       0
       1
       0
       0
       0
       1
       0
       0
       0
       0
       1
       0
       0
$ROI:
6
25 62
280 315
319 374
626 691
724 792
819 910
$PRESETS:
Live Time
10000
0
$ENER_FIT:
-29197.658203 187.845963
$MCA_CAL:
3
-2.919766E+004 1.878460E+002 -2.883703E-001
$SHAPE_CAL:
3
2.436762E+002 -1.501339E+000 2.492720E-003
