$SPEC_ID:
No sample description was entered.
$SPEC_REM:
DET# 1
DETDESC# MCB 345
AP# Maestro Version 6.04
$DATE_MEA:
02/20/2020 10:35:43
$MEAS_TIM:
100 100
$DATA:
0 1023
       0
       0
       0
       0
       0
       0
       0
       0
       1
      33
      97
     163
     164
     162
     167
     183
     154
     153
     156
     162
     150
     159
     144
     154
     173
     127
     142
     166
     156
     129
     120
     138
     171
     116
     145
     161
     110
     122
     141
     142
     127
     105
     106
     135
     118
     118
     129
     102
     124
     130
     133
     117
     118
     144
     138
     134
     119
     117
     144
     126
     122
     161
     133
     144
     125
     129
     123
     107
     132
     134
     126
     122
     140
     118
     147
     107
     155
     125
      94
     108
     112
     120
      92
     124
     100
     109
      96
      96
     115
     111
      99
     110
     109
      62
      89
      85
     107
      92
     105
      82
      83
      83
      68
      75
      95
     102
      65
      83
      84
      80
      68
      88
      72
      73
      82
      68
      78
      64
      66
      67
      74
      80
      66
      61
      68
      62
      55
      68
      65
      76
      75
      68
      67
      63
      55
      61
      81
      73
      73
      66
      72
      72
      64
      54
      68
      57
      75
      71
      61
      52
      64
      48
      60
      61
      59
      68
      62
      55
      68
      62
      50
      59
      55
      63
      77
      64
      47
      65
      56
      63
      61
      42
      63
      61
      45
      47
      59
      40
      55
      44
      41
      46
      39
      42
      42
      22
      38
      37
      34
      42
      35
      27
      22
      26
      36
      31
      26
      17
      14
      19
      22
      18
      18
      12
       8
      16
      19
      17
      17
      14
      18
      12
      15
      14
       9
      18
      20
      17
       8
      17
      12
       8
      11
       9
      18
      17
      11
       8
       9
      18
      19
      17
      13
      17
      24
      22
      28
      29
      35
      35
      36
      42
      30
      45
      44
      42
      59
      35
      45
      55
      62
      51
      53
      78
      68
      65
      68
      62
      61
      60
      47
      70
      69
      57
      58
      53
      63
      58
      67
      65
      67
      43
      48
      47
      29
      41
      40
      35
      31
      35
      30
      19
      19
      21
      22
      20
       7
      16
      11
      17
       9
       7
       9
       7
       5
       2
       2
       7
       0
       3
       5
       2
       1
       2
       4
       5
       4
       0
       5
       5
       1
       3
       1
       2
       4
       0
       1
       2
       0
       0
       2
       2
       2
       4
       0
       0
       2
       3
       1
       1
       1
       1
       0
       4
       6
       1
       2
       5
       4
       1
       2
       2
       2
       2
       3
       3
       6
       6
       4
       5
       4
       3
       3
       4
       3
       5
       1
       5
       1
       2
       4
       2
       4
       5
       4
       1
       5
       3
       7
       7
       9
       7
       4
       4
       9
       4
       5
       6
       9
       0
       4
       2
       5
       2
       3
       1
       3
       3
       3
       2
       4
       1
       2
       1
       1
       2
       3
       4
       1
       2
       0
       1
       1
       0
       1
       2
       0
       1
       1
       1
       1
       0
       2
       2
       1
       0
       0
       1
       3
       1
       2
       0
       0
       0
       0
       2
       1
       2
       3
       0
       1
       0
       2
       0
       1
       0
       0
       3
       1
       1
       2
       0
       2
       1
       1
       0
       0
       0
       1
       0
       1
       2
       0
       1
       0
       0
       1
       0
       1
       0
       0
       0
       1
       1
       0
       0
       0
       1
       1
       0
       1
       0
       1
       0
       1
       0
       1
       0
       0
       1
       1
       0
       1
       0
       1
       1
       1
       0
       1
       1
       0
       0
       1
       0
       2
       1
       0
       1
       0
       0
       0
       0
       1
       1
       0
       0
       1
       0
       0
       0
       0
       0
       0
       0
       0
       1
       0
       0
       0
       0
       0
       1
       0
       0
       2
       0
       2
       0
       1
       0
       0
       1
       1
       0
       0
       1
       0
       0
       1
       0
       0
       1
       0
       1
       0
       1
       0
       0
       0
       0
       0
       0
       0
       0
       0
       0
       0
       0
       0
       0
       0
       0
       0
       0
       0
       0
       1
       1
       1
       0
       0
       1
       0
       0
       0
       0
       0
       1
       1
       1
       1
       0
       0
       0
       0
       3
       0
       0
       0
       1
       0
       0
       1
       0
       0
       0
       0
       0
       0
       2
       0
       0
       1
       0
       1
       0
       0
       0
       0
       0
       0
       0
       0
       0
       1
       1
       0
       0
       1
       0
       0
       0
       0
       1
       0
       0
       0
       1
       0
       1
       0
       0
       0
       0
       1
       0
       0
       0
       0
       1
       0
       1
       0
       0
       0
       0
       0
       0
       0
       0
       1
       0
       0
       1
       0
       0
       0
       0
       0
       0
       0
       1
       1
       0
       0
       1
       0
       0
       0
       0
       0
       1
       0
       0
       0
       0
       0
       0
       0
       1
       0
       0
       0
       0
       0
       0
       1
       0
       1
       0
       1
       0
       0
       0
       1
       0
       0
       0
       0
       0
       0
       0
       0
       0
       0
       0
       0
       1
       0
       1
       0
       0
       1
       0
       0
       1
       0
       0
       0
       0
       0
       0
       1
       0
       1
       0
       0
       0
       1
       0
       1
       0
       0
       0
       0
       0
       0
       0
       0
       0
       0
       1
       1
       0
       0
       0
       0
       0
       0
       1
       0
       0
       0
       0
       0
       0
       1
       0
       0
       0
       1
       0
       1
       0
       1
       0
       1
       0
       0
       1
       0
       0
       0
       0
       0
       0
       0
       0
       0
       0
       0
       0
       0
       0
       0
       0
       0
       0
       0
       0
       0
       0
       0
       0
       0
       0
       0
       0
       0
       0
       1
       0
       0
       0
       0
       0
       0
       1
       1
       0
       0
       0
       2
       0
       1
       0
       0
       0
       0
       0
       1
       0
       0
       1
       0
       0
       1
       1
       1
       1
       0
       0
       0
       0
       0
       1
       0
       1
       0
       0
       0
       0
       0
       0
       0
       0
       0
       0
       0
       0
       0
       0
       1
       0
       0
       0
       0
       0
       0
       1
       0
       0
       2
       1
       0
       0
       0
       1
       1
       2
       1
       0
       0
       0
       0
       2
       0
       0
       0
       0
       0
       0
       0
       0
       0
       0
       0
       0
       0
       0
       0
       0
       0
       0
       0
       0
       0
       1
       0
       0
       0
       0
       1
       1
       0
       0
       0
       1
       0
       0
       0
       0
       1
       1
       0
       0
       0
       1
       0
       1
       0
       0
       0
       0
       0
       1
       1
       1
       2
       0
       2
       0
       0
       0
       0
       0
       0
       1
       0
       0
       0
       0
       0
       0
       0
       0
       1
       0
       0
       0
       0
       0
       0
       0
       0
       0
       0
       1
       0
       0
       0
       0
       1
       0
       0
       0
       0
       0
       0
       0
       0
       0
       0
       0
       0
       0
       0
       0
       0
       0
       0
       0
       0
       1
       1
       0
       0
       2
       0
       1
       0
       1
       0
       0
       0
       0
       0
       0
       0
       1
       0
       1
       0
       0
       0
       1
       1
       2
       0
       0
       0
       0
       1
       0
       0
       0
       1
       1
       0
       0
       0
       0
       0
       0
$ROI:
5
25 62
254 297
319 374
724 792
819 910
$PRESETS:
Live Time
100
0
$ENER_FIT:
0.022610 1.540429
$MCA_CAL:
3
2.261041E-002 1.540429E+000 0.000000E+000
$SHAPE_CAL:
3
2.792237E+001 1.776585E-002 0.000000E+000
