$SPEC_ID:
No sample description was entered.
$SPEC_REM:
DET# 1
DETDESC# MCB 345
AP# Maestro Version 6.04
$DATE_MEA:
02/20/2020 10:19:30
$MEAS_TIM:
100 100
$DATA:
0 1023
       0
       0
       0
       0
       0
       0
       0
       0
       0
      31
      83
     157
     157
     157
     130
     118
     114
     141
     140
     120
     148
     147
     161
     150
     158
     189
     188
     215
     224
     223
     228
     223
     248
     257
     242
     271
     217
     251
     257
     231
     232
     211
     232
     220
     209
     205
     240
     213
     254
     223
     234
     201
     237
     259
     242
     261
     238
     244
     184
     227
     240
     241
     240
     242
     284
     239
     240
     274
     234
     192
     228
     218
     248
     236
     224
     242
     248
     192
     209
     236
     220
     210
     221
     197
     210
     239
     249
     237
     217
     230
     234
     267
     254
     254
     269
     259
     271
     311
     251
     263
     232
     234
     241
     257
     246
     214
     249
     205
     226
     216
     220
     208
     167
     193
     212
     213
     163
     181
     202
     168
     153
     177
     183
     185
     153
     166
     177
     165
     161
     184
     140
     147
     142
     161
     157
     145
     134
     142
     144
     175
     151
     142
     164
     126
     138
     170
     134
     138
     135
     150
     139
     126
     125
     123
     123
     129
     123
     120
     132
     106
     119
     132
     123
     108
     126
     112
     123
     125
     114
     129
      99
     122
     118
     107
     104
      89
     109
     121
     108
     115
     102
      87
     101
      84
     120
     117
      95
     100
      95
     107
     110
     113
     102
      85
      90
      93
     100
     101
     119
      88
      99
      95
      85
      95
     101
      99
      98
     110
     104
     100
     107
     102
      91
      86
      85
      82
      92
     102
     103
     100
      85
      93
     116
     101
      89
      99
     106
      87
      97
     105
     120
      79
      77
      96
      96
      88
      93
      96
      89
     104
      98
      89
      79
      81
      87
      85
      84
      81
      77
      83
      55
      77
      72
      61
      58
      47
      60
      53
      66
      60
      43
      58
      38
      42
      48
      45
      39
      37
      43
      41
      38
      39
      47
      42
      35
      36
      38
      26
      36
      35
      36
      35
      31
      31
      35
      27
      31
      22
      38
      26
      27
      25
      30
      28
      26
      21
      26
      27
      27
      19
      19
      22
      25
      26
      15
      20
      21
      26
      16
      26
      22
      20
      20
      17
      17
      27
      21
      19
      18
      14
      15
      20
      13
      25
      29
      26
      14
      26
      22
      37
      27
      44
      39
      36
      53
      60
      60
      69
      86
      99
     101
     113
     142
     148
     165
     172
     191
     223
     250
     270
     290
     322
     298
     332
     353
     396
     422
     389
     410
     375
     447
     413
     421
     454
     385
     413
     393
     363
     346
     278
     310
     270
     260
     219
     235
     179
     138
     134
     140
     111
     104
     106
      89
      52
      50
      36
      41
      30
      23
      26
      18
      11
      10
       7
       7
       6
       3
       0
       4
       1
       0
       3
       1
       2
       2
       2
       1
       0
       1
       0
       2
       4
       2
       2
       2
       2
       2
       1
       1
       1
       2
       3
       3
       3
       2
       1
       0
       0
       2
       3
       1
       1
       2
       0
       1
       2
       2
       2
       0
       0
       2
       1
       1
       3
       1
       3
       2
       1
       1
       0
       0
       0
       0
       3
       2
       1
       3
       1
       2
       1
       1
       0
       2
       2
       1
       0
       2
       1
       1
       1
       0
       1
       2
       1
       0
       0
       1
       2
       1
       3
       1
       2
       2
       3
       1
       1
       2
       0
       2
       1
       2
       0
       0
       1
       2
       0
       2
       2
       1
       2
       1
       0
       0
       2
       1
       0
       0
       2
       2
       1
       1
       1
       0
       1
       2
       3
       2
       1
       0
       0
       1
       1
       2
       1
       0
       1
       3
       2
       1
       1
       1
       1
       1
       3
       3
       0
       1
       2
       0
       0
       0
       2
       0
       0
       0
       1
       1
       1
       2
       3
       1
       1
       2
       0
       1
       1
       2
       1
       0
       1
       1
       0
       1
       1
       3
       1
       1
       1
       2
       1
       0
       3
       2
       0
       1
       1
       1
       1
       0
       0
       0
       3
       1
       1
       1
       3
       0
       3
       0
       0
       1
       0
       2
       0
       1
       2
       3
       0
       1
       0
       4
       2
       1
       1
       0
       0
       0
       1
       2
       4
       0
       0
       2
       2
       0
       2
       0
       1
       2
       1
       1
       1
       3
       2
       0
       0
       0
       1
       1
       0
       1
       0
       1
       0
       0
       0
       0
       0
       0
       0
       0
       0
       1
       1
       0
       1
       0
       2
       0
       0
       0
       0
       1
       0
       1
       2
       2
       0
       0
       1
       0
       0
       0
       0
       0
       0
       0
       4
       0
       0
       0
       0
       2
       0
       4
       0
       2
       1
       0
       0
       4
       1
       1
       2
       1
       2
       2
       1
       0
       1
       2
       0
       1
       1
       2
       0
       0
       2
       1
       2
       1
       2
       4
       0
       3
       1
       0
       2
       0
       0
       0
       0
       0
       1
       0
       3
       0
       0
       1
       1
       2
       0
       0
       1
       3
       2
       0
       0
       1
       1
       0
       0
       1
       1
       0
       0
       0
       0
       0
       0
       2
       0
       0
       1
       2
       1
       1
       0
       0
       0
       1
       0
       0
       0
       1
       0
       1
       0
       0
       0
       0
       0
       1
       0
       0
       0
       0
       1
       2
       1
       0
       1
       0
       2
       1
       0
       0
       1
       0
       0
       2
       2
       2
       2
       0
       1
       1
       1
       1
       0
       1
       1
       3
       1
       1
       0
       5
       0
       0
       1
       2
       3
       0
       1
       1
       2
       2
       0
       1
       0
       1
       0
       1
       0
       0
       0
       2
       3
       0
       1
       1
       0
       1
       0
       0
       0
       0
       0
       0
       0
       0
       0
       0
       0
       0
       0
       1
       1
       1
       0
       0
       0
       1
       0
       0
       0
       0
       0
       0
       0
       0
       1
       1
       0
       0
       0
       0
       0
       0
       0
       0
       0
       0
       1
       0
       0
       0
       0
       0
       0
       0
       1
       0
       1
       0
       0
       0
       0
       0
       0
       0
       0
       0
       0
       0
       0
       0
       0
       0
       1
       0
       0
       0
       0
       0
       0
       0
       0
       0
       0
       0
       0
       0
       0
       0
       0
       0
       0
       0
       0
       0
       0
       1
       0
       0
       0
       0
       0
       0
       0
       1
       0
       0
       0
       0
       0
       0
       0
       1
       0
       0
       0
       0
       0
       0
       0
       0
       1
       0
       0
       0
       0
       0
       0
       0
       0
       0
       0
       0
       0
       0
       0
       0
       0
       0
       0
       0
       1
       0
       0
       0
       1
       0
       0
       0
       0
       0
       1
       0
       1
       0
       0
       0
       0
       0
       0
       1
       0
       0
       2
       0
       0
       0
       0
       1
       0
       1
       0
       0
       0
       0
       1
       0
       0
       0
       1
       0
       0
       0
       0
       0
       1
       2
       1
       1
       0
       0
       1
       0
       0
       0
       0
       0
       0
       0
       0
       1
       1
       0
       0
       0
       0
       0
       0
$ROI:
4
25 62
291 374
724 792
819 910
$PRESETS:
Live Time
100
0
$ENER_FIT:
0.022610 1.540429
$MCA_CAL:
3
2.261041E-002 1.540429E+000 0.000000E+000
$SHAPE_CAL:
3
2.792237E+001 1.776585E-002 0.000000E+000
