$SPEC_ID:
No sample description was entered.
$SPEC_REM:
DET# 1
DETDESC# MCB 345
AP# Maestro Version 6.04
$DATE_MEA:
02/20/2020 10:40:44
$MEAS_TIM:
100 100
$DATA:
0 1023
       0
       0
       0
       0
       0
       0
       0
       0
      12
     137
     369
     584
     642
     666
     705
     670
     732
     702
     700
     658
     663
     645
     656
     602
     624
     611
     574
     599
     561
     545
     566
     565
     575
     566
     570
     560
     573
     567
     533
     553
     545
     544
     580
     545
     551
     556
     527
     647
     599
     544
     551
     544
     600
     614
     596
     617
     657
     583
     626
     610
     638
     607
     620
     619
     607
     585
     566
     590
     576
     560
     560
     562
     612
     578
     540
     551
     516
     559
     516
     513
     516
     523
     434
     476
     460
     458
     472
     449
     477
     418
     445
     450
     449
     449
     393
     433
     389
     420
     391
     415
     354
     389
     350
     424
     368
     351
     364
     392
     364
     339
     363
     344
     364
     326
     293
     319
     329
     316
     310
     319
     315
     300
     273
     284
     265
     265
     244
     221
     234
     214
     212
     213
     176
     183
     188
     192
     159
     179
     144
     138
     160
     158
     128
     131
     118
     117
     124
     111
     113
     116
     107
      98
      97
      98
     114
      84
     103
     105
      94
      97
      95
      96
     102
      97
     101
      83
     107
     119
      99
      91
     108
     132
     137
     147
     134
     140
     167
     185
     202
     183
     211
     232
     266
     244
     268
     296
     306
     305
     330
     362
     371
     354
     399
     380
     402
     367
     361
     367
     368
     396
     403
     380
     352
     349
     300
     326
     337
     306
     228
     252
     240
     247
     224
     204
     175
     155
     179
     140
     116
     119
     101
     108
      90
      79
      91
      87
      67
      55
      48
      65
      58
      54
      52
      60
      59
      46
      55
      56
      41
      51
      48
      48
      45
      39
      40
      54
      44
      44
      44
      51
      41
      56
      54
      47
      39
      43
      50
      60
      55
      65
      55
      59
      53
      49
      48
      55
      53
      51
      48
      52
      59
      44
      47
      65
      60
      59
      51
      56
      56
      49
      37
      70
      49
      63
      40
      65
      51
      31
      54
      58
      56
      51
      57
      32
      38
      41
      47
      47
      43
      44
      51
      52
      34
      34
      32
      41
      47
      48
      34
      37
      48
      46
      39
      41
      42
      36
      43
      42
      49
      41
      42
      45
      44
      42
      38
      53
      55
      51
      35
      42
      44
      41
      34
      40
      44
      49
      39
      40
      40
      33
      38
      45
      49
      41
      53
      46
      46
      38
      44
      43
      43
      40
      50
      36
      52
      38
      49
      41
      38
      43
      41
      44
      51
      41
      46
      43
      44
      39
      37
      53
      51
      29
      49
      67
      58
      42
      55
      46
      39
      42
      57
      47
      42
      50
      49
      58
      43
      56
      38
      61
      54
      55
      38
      57
      49
      47
      42
      56
      48
      44
      43
      48
      46
      55
      41
      54
      55
      44
      57
      44
      51
      56
      43
      48
      42
      40
      41
      41
      46
      32
      37
      30
      29
      36
      31
      37
      41
      37
      32
      31
      25
      26
      27
      24
      29
      23
      23
      22
      20
      18
      21
      22
      21
      18
      15
      15
       9
      19
      14
      23
      17
      10
      17
      15
       5
      10
      14
      19
      12
       9
      10
      12
       9
      10
      22
       6
       9
      10
      13
      11
      15
      12
      14
      13
      16
      12
      14
      13
       9
      14
      14
      21
      24
      16
      18
      20
      17
      24
      24
      18
      21
      26
      26
      33
      37
      27
      29
      30
      24
      26
      36
      29
      29
      29
      29
      42
      37
      23
      25
      45
      38
      39
      25
      35
      34
      42
      38
      26
      26
      36
      32
      27
      21
      14
      32
      34
      28
      24
      19
      16
      28
      33
      26
      19
      18
      15
      23
      20
      17
      14
      13
      13
      18
      11
      10
      15
      11
      11
       7
      15
       7
       6
      11
       8
       7
      10
       6
       7
       5
       8
       5
       3
      10
      10
       4
       6
       4
       7
       3
       6
       5
       5
       9
       3
       4
       3
       2
       2
       3
       3
       3
       6
       4
       3
       4
       2
       2
       4
       3
       9
       5
       4
       2
       7
       3
       7
       1
       6
       0
       3
       2
       1
       5
       1
       6
       2
       2
       2
       3
       3
       1
       3
       3
       4
       2
       2
       2
       2
       1
       1
       5
       0
       1
       1
       0
       1
       1
       2
       1
       1
       2
       2
       3
       2
       1
       4
       3
       0
       2
       4
       1
       0
       2
       3
       2
       2
       2
       3
       3
       1
       1
       1
       2
       3
       1
       2
       2
       2
       1
       0
       0
       3
       2
       2
       0
       1
       0
       1
       2
       2
       2
       1
       0
       2
       3
       3
       4
       5
       2
       0
       0
       0
       1
       0
       1
       0
       1
       4
       3
       2
       3
       1
       2
       1
       0
       2
       1
       2
       2
       3
       0
       1
       3
       1
       1
       0
       1
       2
       3
       4
       4
       4
       5
       4
       7
       3
       2
       1
       2
       2
       0
       1
       0
       7
       3
       3
       2
       1
       3
       2
       3
       4
       2
       1
       2
       4
       2
       5
       2
       1
       1
       4
       2
       2
       2
       1
       1
       4
       1
       2
       3
       0
       1
       1
       0
       0
       1
       1
       3
       2
       2
       2
       3
       1
       5
       1
       0
       2
       0
       0
       0
       2
       2
       3
       1
       2
       2
       1
       1
       0
       2
       0
       0
       1
       2
       1
       0
       1
       0
       0
       1
       1
       2
       0
       0
       2
       0
       1
       0
       0
       0
       1
       3
       0
       0
       2
       0
       1
       0
       1
       0
       0
       0
       0
       0
       1
       0
       1
       2
       0
       2
       0
       2
       2
       1
       2
       1
       0
       1
       0
       1
       0
       1
       0
       0
       0
       0
       3
       1
       0
       2
       1
       1
       1
       0
       0
       0
       3
       0
       1
       0
       0
       1
       1
       0
       0
       0
       0
       3
       0
       0
       1
       0
       0
       1
       2
       3
       2
       1
       2
       0
       0
       3
       1
       0
       0
       1
       3
       2
       0
       0
       1
       1
       0
       0
       1
       0
       0
       2
       1
       0
       0
       0
       0
       1
       0
       0
       0
       0
       0
       0
       0
       0
       2
       1
       0
       0
       1
       0
       0
       0
       1
       0
       1
       1
       0
       0
       2
       0
       1
       1
       2
       0
       0
       0
       0
       1
       1
       1
       2
       0
       1
       0
       1
       0
       0
       0
       0
       0
       0
       1
       0
       0
       0
       0
       0
       1
       0
       0
       0
       0
       2
       0
       1
       0
       0
       1
       1
       0
       1
       1
       0
       0
       1
       0
       0
       0
       0
       0
       0
       2
       1
       1
       1
       0
       0
       0
       0
       0
       0
       1
       0
       0
       1
       2
       0
       1
       0
       0
       1
       1
       0
       1
       2
       2
       1
       0
       2
       1
       1
       0
       1
       3
       0
       2
       2
       3
       2
       1
       1
       0
       0
       1
       0
       0
       1
       0
       1
       0
       2
       0
       0
       0
       0
$ROI:
5
25 62
254 297
319 374
724 792
819 910
$PRESETS:
Live Time
100
0
$ENER_FIT:
0.022610 1.540429
$MCA_CAL:
3
2.261041E-002 1.540429E+000 0.000000E+000
$SHAPE_CAL:
3
2.792237E+001 1.776585E-002 0.000000E+000
