$SPEC_ID:
No sample description was entered.
$SPEC_REM:
DET# 1
DETDESC# MCB 345
AP# Maestro Version 6.04
$DATE_MEA:
02/20/2020 09:14:30
$MEAS_TIM:
100 103
$DATA:
0 1023
       0
       0
       0
       0
       0
       0
       0
       0
       4
      72
     237
     404
     441
     467
     478
     490
     465
     495
     526
     568
     558
     535
     550
     548
     538
     548
     568
     596
     633
     609
     646
     673
     657
     751
     774
     801
     867
     945
    1028
    1100
    1028
    1154
    1102
    1124
    1082
    1016
    1029
     935
    1051
    1008
    1019
     977
     991
     923
     966
     931
     989
     944
     944
     970
     976
     947
     976
    1016
     985
    1043
     985
     994
     997
    1056
    1004
     978
    1111
    1019
    1072
    1030
    1000
    1016
    1038
     993
    1034
     986
     983
    1064
     998
     978
     983
    1014
    1035
     971
     921
    1086
    1060
    1031
    1092
    1045
    1066
    1112
    1064
    1060
    1084
    1095
    1210
    1195
    1201
    1241
    1276
    1276
    1270
    1322
    1354
    1319
    1213
    1309
    1198
    1219
    1169
    1211
    1148
    1142
    1027
    1097
    1104
    1032
    1040
     990
    1057
    1004
    1024
    1038
     947
    1003
     934
     947
    1003
    1030
    1013
     931
     999
     995
     974
     929
     941
     873
     923
     925
     897
     938
     875
     890
     822
     854
     811
     810
     803
     849
     819
     826
     807
     776
     801
     812
     778
     756
     736
     753
     755
     730
     758
     788
     761
     741
     718
     703
     723
     767
     723
     686
     724
     724
     734
     753
     702
     670
     737
     705
     678
     722
     731
     663
     704
     647
     718
     697
     739
     687
     699
     683
     682
     677
     680
     695
     616
     610
     662
     628
     646
     610
     609
     571
     548
     599
     560
     558
     540
     536
     492
     538
     489
     522
     488
     474
     466
     447
     477
     446
     419
     438
     439
     431
     424
     382
     408
     385
     441
     409
     421
     409
     379
     396
     417
     408
     354
     373
     363
     375
     324
     377
     346
     370
     372
     377
     374
     333
     371
     335
     335
     354
     348
     315
     310
     337
     307
     351
     316
     287
     347
     362
     311
     310
     288
     292
     283
     277
     301
     298
     303
     289
     333
     293
     290
     309
     312
     283
     296
     272
     284
     292
     281
     256
     252
     278
     307
     261
     276
     310
     297
     306
     321
     288
     355
     390
     444
     446
     474
     546
     628
     664
     714
     835
     905
     999
    1078
    1227
    1383
    1513
    1665
    1746
    1958
    2148
    2193
    2320
    2516
    2722
    2910
    2873
    3039
    3296
    3231
    3336
    3338
    3506
    3470
    3377
    3469
    3315
    3314
    3322
    3136
    3082
    2866
    2837
    2557
    2534
    2348
    2164
    1986
    1772
    1670
    1488
    1352
    1209
    1048
     949
     791
     706
     580
     537
     480
     378
     344
     309
     253
     246
     202
     174
     153
     179
     136
     154
     123
     140
     114
     119
      99
     103
     101
     119
     118
      85
     113
     109
     100
     125
     107
     101
      92
     110
     122
      97
     116
     108
     114
     112
     108
     116
     107
     104
      88
     104
     101
     104
     101
      99
     122
      96
      92
     101
     106
     110
     108
     116
     106
     107
     101
     109
     120
      86
      93
      90
      96
      85
      85
     101
     113
     102
     106
      96
     123
      88
     101
      82
      98
      86
     109
      90
      92
      90
      87
      93
     110
      93
      92
     100
      88
      93
     110
     105
      78
     111
     103
      83
      97
     112
      87
      95
     116
      89
      95
      82
      87
     115
     103
     104
      93
     109
      89
     100
      90
     103
      94
      98
      85
      92
      87
     100
     106
     105
     107
      88
     102
      90
      83
     109
      98
      94
     104
      94
      98
      95
      90
      99
      88
      82
      94
     107
      86
      96
      96
     106
      90
     107
      94
     101
      98
      92
     103
      87
      99
      91
     115
     108
     103
      91
      88
     106
      96
     113
      95
     108
     101
      90
     104
     119
     112
     109
      99
      94
      78
      91
      92
     113
     108
      87
     112
     106
      89
      89
      75
      94
      97
     103
      87
      95
     100
      95
      72
      82
      92
      96
     100
     105
     111
     100
     118
      86
     101
      87
     110
      89
      94
     105
     101
     110
      87
      96
     105
      90
      77
      99
      98
      87
      96
      85
     108
      96
      93
     107
      98
     111
      94
     128
     107
     108
     114
     101
     115
     106
      95
     129
     114
     109
     108
     112
      99
     114
     106
     113
     119
      83
     106
     116
     118
     115
      88
     105
      91
     109
     106
     131
     114
     108
      95
      80
     109
     112
      96
     107
      99
     117
     102
     112
      98
     115
     132
     125
     111
      92
     120
     132
     112
     122
     112
     100
     110
     119
     116
     127
     101
     112
     108
      84
     110
     100
      95
     112
     119
     105
     117
     111
      95
     106
      95
      93
     110
     107
     106
      96
      88
      91
      88
      82
      85
      90
      87
      81
      77
      79
      82
      88
      75
      64
      80
      83
      87
      69
      66
      73
      61
      67
      60
      74
      51
      60
      74
      47
      46
      36
      45
      33
      45
      38
      44
      41
      52
      33
      53
      32
      34
      31
      53
      34
      39
      30
      28
      39
      26
      42
      31
      43
      32
      29
      33
      33
      30
      25
      29
      21
      35
      22
      27
      24
      18
      25
      34
      19
      24
      16
      17
      21
      20
      13
      26
      23
      16
      17
      21
      20
      18
      20
      15
      11
      12
      13
      11
       8
      16
      10
      17
      17
      12
      16
      15
      16
      17
      22
      22
      14
      20
      18
      17
      21
      19
      18
      21
      22
      22
      27
      29
      40
      34
      35
      34
      39
      52
      51
      53
      72
      50
      83
      84
      91
      72
      92
     110
     110
     127
     123
     148
     152
     136
     185
     177
     194
     188
     235
     239
     272
     273
     309
     284
     322
     322
     338
     338
     331
     372
     369
     387
     426
     446
     455
     457
     438
     477
     446
     503
     472
     492
     521
     478
     484
     502
     483
     477
     525
     520
     500
     496
     472
     500
     494
     481
     452
     423
     431
     442
     416
     398
     351
     357
     344
     352
     326
     288
     331
     297
     272
     271
     254
     258
     221
     207
     206
     179
     186
     163
     146
     151
     134
     136
     111
     114
      84
      90
      74
      88
      61
      50
      49
      57
      54
      53
      38
      44
      38
      36
      25
      26
      21
      20
      12
      11
      18
      11
      12
       8
       9
       9
       6
       1
      10
       5
       5
       6
       3
       8
       5
       5
       3
       5
       5
       5
       4
       7
       4
       5
       7
       3
       4
       8
      10
       6
       5
       4
       2
       7
       5
       4
       4
       4
       4
       3
       3
       7
       5
       4
       5
       5
       9
       7
       4
       4
       3
       9
       2
       8
       3
       5
       2
       5
      10
      10
       6
       5
       3
       8
       4
       5
       4
       8
       6
       4
       5
       5
       5
       8
       9
       9
       2
       9
       3
       3
       5
       6
       8
       6
       6
       7
       5
       6
       8
       8
       5
       5
       3
       5
       8
       2
       3
       5
       3
       4
       3
       5
       2
       5
       3
       0
       7
       3
       5
       2
       6
       3
       5
       8
       5
       3
       3
       5
      13
       8
      13
       4
       6
       4
       3
       4
       2
       7
       2
       5
       4
       5
       6
       4
       2
       1
       3
       2
       1
       2
       0
$ROI:
4
30 159
294 372
759 888
892 892
$PRESETS:
Live Time
100
0
$ENER_FIT:
11.326580 6.489796
$MCA_CAL:
3
1.132658E+001 6.489796E+000 0.000000E+000
$SHAPE_CAL:
3
0.000000E+000 0.000000E+000 0.000000E+000
