$SPEC_ID:
No sample description was entered.
$SPEC_REM:
DET# 1
DETDESC# MCB 345
AP# Maestro Version 6.04
$DATE_MEA:
02/20/2020 11:06:19
$MEAS_TIM:
147 154
$DATA:
0 1023
       0
       0
       0
       0
       1
       0
       0
       0
       5
     427
    1330
    2198
    2341
    2292
    2280
    2313
    2356
    2322
    2284
    2372
    2372
    2412
    2440
    2424
    2465
    2431
    2481
    2458
    2459
    2534
    2506
    2566
    2472
    2413
    2465
    2403
    2364
    2402
    2558
    2508
    2611
    2624
    2757
    3022
    3156
    3403
    3581
    3608
    3609
    3616
    3471
    3486
    3363
    3225
    3245
    3098
    2978
    2963
    2837
    2714
    2710
    2742
    2705
    2602
    2637
    2583
    2587
    2461
    2429
    2357
    2303
    2346
    2324
    2339
    2224
    2146
    2144
    2130
    2117
    2096
    2033
    1949
    1954
    2032
    1905
    1969
    1967
    1856
    1869
    1803
    1861
    1712
    1815
    1750
    1659
    1720
    1632
    1682
    1687
    1647
    1612
    1606
    1596
    1614
    1647
    1615
    1570
    1501
    1559
    1568
    1586
    1551
    1562
    1512
    1556
    1592
    1469
    1464
    1547
    1491
    1498
    1466
    1491
    1506
    1479
    1508
    1459
    1459
    1495
    1442
    1409
    1436
    1432
    1423
    1455
    1435
    1485
    1433
    1475
    1493
    1430
    1405
    1444
    1375
    1388
    1470
    1445
    1431
    1532
    1396
    1380
    1499
    1425
    1463
    1451
    1479
    1411
    1478
    1493
    1406
    1441
    1457
    1488
    1468
    1468
    1454
    1541
    1519
    1547
    1489
    1489
    1471
    1545
    1520
    1531
    1579
    1517
    1463
    1492
    1569
    1516
    1458
    1480
    1521
    1517
    1565
    1553
    1468
    1590
    1553
    1482
    1576
    1623
    1623
    1612
    1609
    1566
    1684
    1676
    1635
    1651
    1643
    1630
    1649
    1671
    1725
    1798
    1808
    1768
    1789
    1763
    1798
    1823
    1875
    1803
    1808
    1918
    1853
    1936
    1896
    1827
    1887
    1833
    1928
    1859
    1917
    1852
    1846
    1892
    1820
    1891
    1756
    1859
    1817
    1771
    1685
    1662
    1627
    1626
    1549
    1557
    1504
    1446
    1422
    1344
    1341
    1342
    1346
    1355
    1287
    1239
    1252
    1270
    1249
    1171
    1153
    1188
    1184
    1214
    1223
    1236
    1153
    1131
    1171
    1102
    1178
    1099
    1158
    1037
    1052
    1032
    1029
    1030
    1011
     889
    1058
    1043
     988
    1033
    1069
    1221
    1322
    1357
    1601
    1788
    2096
    2313
    2626
    2967
    3289
    3728
    3967
    4372
    4747
    5011
    5031
    5467
    5493
    5674
    5593
    5611
    5521
    5334
    5107
    4689
    4545
    4124
    3833
    3511
    2918
    2607
    2328
    2077
    1735
    1484
    1346
    1091
     991
     912
     832
     884
     928
     919
    1063
    1270
    1410
    1581
    1877
    2155
    2418
    2688
    2953
    3250
    3454
    3686
    3979
    4152
    4228
    4376
    4337
    4508
    4470
    4415
    4343
    4192
    4044
    3755
    3548
    3185
    3018
    2735
    2388
    2258
    2005
    1686
    1468
    1240
    1063
     856
     713
     569
     490
     416
     349
     267
     243
     191
     157
     138
     116
      92
      78
      84
      68
      79
      77
      75
      63
      79
      76
      69
      78
      73
      70
      60
      65
      59
      61
      79
      55
      70
      57
      65
      66
      55
      58
      57
      62
      54
      64
      46
      59
      57
      75
      39
      57
      61
      70
      53
      54
      48
      49
      60
      62
      55
      54
      47
      44
      72
      46
      44
      55
      46
      37
      42
      60
      51
      45
      47
      38
      58
      55
      33
      36
      38
      34
      41
      33
      48
      42
      47
      51
      45
      29
      44
      36
      41
      35
      31
      40
      32
      28
      53
      43
      42
      33
      41
      41
      27
      40
      29
      34
      32
      31
      27
      36
      40
      33
      41
      27
      33
      39
      22
      37
      38
      32
      25
      30
      25
      34
      28
      35
      29
      30
      29
      35
      29
      31
      31
      33
      32
      46
      39
      33
      26
      28
      20
      38
      31
      38
      32
      32
      28
      28
      29
      37
      42
      31
      33
      16
      24
      31
      26
      28
      33
      35
      30
      31
      33
      24
      19
      34
      19
      33
      29
      24
      29
      30
      26
      35
      25
      22
      25
      21
      18
      35
      26
      28
      34
      25
      20
      25
      35
      24
      33
      24
      23
      27
      31
      29
      34
      23
      20
      34
      17
      34
      19
      36
      24
      30
      28
      32
      23
      30
      31
      30
      27
      22
      23
      33
      28
      43
      39
      33
      29
      34
      38
      21
      22
      25
      31
      22
      24
      32
      26
      23
      35
      25
      19
      16
      19
      29
      20
      22
      22
      15
      24
      18
      23
      15
      15
      20
      22
      20
      12
      10
      13
      13
      11
       4
      16
      11
      11
       5
       9
      10
       9
      13
      14
      10
      13
      15
      13
       9
      13
       7
      12
      13
      15
      12
      12
      20
      16
      21
      12
      19
      26
      33
      29
      35
      21
      39
      41
      33
      42
      35
      35
      46
      34
      50
      34
      42
      28
      36
      40
      22
      44
      37
      47
      40
      36
      29
      37
      39
      33
      23
      30
      31
      20
      24
      17
      23
      23
      12
      16
      18
      14
      14
      15
       7
       6
       9
       8
       7
       8
       7
       2
       5
       5
       3
       4
       4
       1
       1
       1
       1
       1
       1
       0
       4
       1
       1
       1
       0
       0
       1
       0
       1
       2
       1
       0
       1
       0
       0
       0
       0
       2
       0
       0
       0
       2
       0
       0
       0
       0
       1
       0
       0
       1
       0
       0
       2
       0
       0
       0
       0
       1
       0
       1
       0
       1
       0
       1
       0
       0
       1
       2
       0
       0
       0
       0
       0
       0
       1
       0
       1
       0
       0
       1
       1
       0
       0
       0
       1
       0
       0
       0
       0
       1
       0
       0
       0
       0
       0
       1
       0
       0
       0
       0
       0
       0
       0
       2
       0
       0
       0
       0
       2
       1
       0
       1
       0
       1
       0
       0
       0
       0
       0
       0
       0
       0
       1
       0
       0
       0
       0
       0
       0
       0
       0
       0
       0
       1
       0
       0
       0
       1
       0
       0
       0
       0
       0
       0
       0
       0
       0
       0
       0
       1
       1
       0
       0
       0
       0
       0
       1
       0
       1
       0
       1
       0
       1
       0
       0
       0
       0
       0
       1
       0
       0
       0
       0
       0
       0
       0
       0
       0
       0
       0
       1
       0
       0
       0
       1
       0
       0
       1
       0
       0
       0
       0
       0
       1
       0
       0
       1
       0
       0
       0
       0
       0
       0
       0
       0
       0
       0
       0
       0
       0
       0
       0
       0
       0
       0
       0
       0
       0
       0
       0
       0
       0
       0
       0
       0
       0
       0
       0
       0
       0
       0
       0
       0
       0
       0
       0
       0
       0
       0
       0
       1
       0
       0
       0
       0
       0
       0
       0
       0
       0
       0
       0
       0
       0
       0
       0
       0
       0
       0
       1
       1
       0
       0
       0
       0
       1
       0
       0
       0
       0
       0
       0
       0
       0
       0
       0
       0
       0
       0
       0
       0
       0
       0
       0
       0
       0
       0
       1
       0
       1
       0
       0
       0
       0
       0
       0
       0
       0
       0
       0
       0
       0
       0
       0
       0
       0
       0
       0
       0
       0
       0
       0
       0
       0
       0
       0
       0
       1
       1
       0
       0
       0
       0
       1
       0
       0
       1
       0
       2
       0
       0
       0
       0
       0
       0
       2
       1
       0
       0
       0
       0
       1
       0
       1
       0
$ROI:
3
279 316
322 368
621 687
$PRESETS:
Live Time
10000
0
$ENER_FIT:
0.000000 3.986151
$MCA_CAL:
3
0.000000E+000 3.986151E+000 0.000000E+000
$SHAPE_CAL:
3
1.756728E+001 0.000000E+000 0.000000E+000
